OTU	A01SHZ1	A02SHZ2	A03SHZ3	A04ZY1	A05ZY2	A06ZY3	A07TS1	A08TS2	A09TS3	A10CW1	A11CW2	A12CW3	A13TY1	A14TY2	A15TY3	A16QZ1	A17QZ2	A18QZ3	A19SQ1	A20SQ2	A21SQ3	A22HZ1	A23HZ2	A24HZ3	A25SZ1	A26SZ2	A27SZ3	A28SY1	A29SY2	A30SY3	A31SP1	A32SP2	A33SP3	A34HEB1	A35HEB2	A36HEB3
AOB_1	1256	980	1130	1063	1220	1098	1215	1908	1181	1262	1198	1501	1217	911	1126	1408	1519	1763	1361	1386	1249	1464	1791	1397	1416	1701	1257	876	1149	982	1096	886	1009	847	881	837
AOB_2	8423	4357	5015	4213	4192	6490	3109	5826	2885	3981	3044	3699	3028	2876	2732	9523	11135	8992	8893	5497	4743	6529	6509	9266	14016	17038	8224	2616	2146	2046	3241	2089	2221	2280	1802	1640
AOB_3	922	626	802	821	934	811	825	1679	1005	987	835	1064	952	646	745	1033	1028	1301	1029	1068	941	905	1244	1032	1112	1145	890	876	1056	941	813	874	868	700	968	826
AOB_4	791	617	831	833	792	829	728	2527	1017	922	772	1016	921	724	786	1041	980	1341	953	963	915	966	1283	942	1077	1248	903	750	950	845	746	879	909	642	898	867
AOB_5	1220	960	1007	1169	1227	1222	1190	5950	1444	1282	1311	1513	1280	1037	1085	1538	1328	1837	1554	1503	1315	1326	1948	1514	1455	1705	1235	1194	1379	1355	1084	1590	1517	1053	1369	1454
AOB_6	1218	960	1025	1097	1225	1101	1118	1912	1200	1176	1173	1413	1236	963	1022	1459	1415	1862	1538	1378	1304	1284	1740	1296	1437	1539	1191	960	1090	1029	989	974	1119	815	965	971
AOB_7	1150	895	1078	1038	1202	1142	1110	1682	1104	1222	1184	1399	1146	1007	938	1399	1440	1731	1377	1323	1191	1319	1671	1208	1327	1605	1170	918	1140	1113	1026	956	984	784	1071	948
AOB_8	1156	851	1088	985	1061	1230	1183	1762	1091	1130	1109	1328	1138	923	1012	1246	1205	1589	1207	1288	1188	1096	1475	1141	1263	1426	1087	1027	1283	1186	964	1196	1244	795	1183	1205
AOB_9	2013	1503	1721	1624	2305	1581	1762	2293	1550	1841	1704	2103	1757	1465	1509	1910	2125	2376	1956	1916	1716	1764	2312	1949	2225	2443	1718	1229	1504	1307	1505	1375	1432	1137	1297	1157
AOB_10	394	349	415	551	454	389	525	717	392	548	552	633	517	397	374	426	480	584	504	571	494	505	591	504	635	595	482	336	408	378	429	401	469	332	340	302
AOB_11	120	76	101	165	169	118	142	295	155	166	135	162	169	141	131	162	151	151	144	153	128	135	160	123	357	233	164	112	130	92	103	113	95	94	112	129
AOB_12	881	718	796	882	880	799	922	1151	775	1055	931	1214	933	807	838	1234	1190	1385	1145	1242	886	984	1358	982	1386	1300	901	701	791	775	839	730	758	628	714	721
AOB_13	0	0	0	0	0	0	0	0	0	0	0	0	0	0	0	0	0	0	0	0	0	0	1	0	0	0	0	0	0	0	0	0	0	0	0	0
AOB_14	949	713	773	1098	837	758	1135	1678	849	1019	1004	1460	1073	821	1036	1063	1230	1356	1086	1079	973	993	1303	977	2407	1655	1176	849	1106	979	955	813	1053	791	873	863
AOB_15	0	0	0	0	0	0	0	0	0	0	0	0	0	0	0	0	0	0	0	0	0	0	0	0	0	1	0	0	0	0	1	0	0	0	0	0
AOB_16	0	0	0	0	0	0	0	0	0	0	0	0	0	0	0	0	0	0	0	0	0	0	0	0	0	0	0	0	0	2	0	0	0	0	0	0
AOB_17	121	96	134	137	314	103	205	257	143	162	142	184	177	115	114	143	188	133	166	141	124	103	164	145	182	194	113	121	146	116	113	106	145	112	129	94
AOB_18	320	219	283	296	303	259	301	398	229	316	339	420	268	262	245	880	465	741	868	487	405	328	502	644	2398	1074	487	261	266	285	259	241	253	232	258	236
AOB_19	367	277	322	396	419	332	414	657	400	367	416	552	418	325	423	416	476	578	419	426	373	432	580	403	668	549	388	316	403	437	363	345	371	299	414	328
AOB_20	2072	1546	1604	1597	2015	1599	1821	2395	1458	1902	1822	2180	1846	1694	1576	2777	3502	3148	2278	2069	1797	1929	2427	2159	1810	2291	1770	1245	1551	1379	1606	1356	1451	1230	1325	1205
AOB_21	1957	1328	1514	2375	1627	1563	2890	3593	1646	2387	2706	3190	2371	2173	2594	2041	2513	2226	2032	2009	1654	1784	2389	1707	6263	3510	2452	969	1160	932	1657	1003	1418	1124	926	912
AOB_22	1380	985	1004	1138	1053	1030	1304	1854	897	1393	1179	1637	1170	1010	1028	1565	1524	1786	1438	1392	1271	1255	1910	1347	2156	2120	1489	979	1019	1133	1005	841	914	915	848	808
AOB_23	1143	565	652	663	598	836	469	886	406	618	446	571	467	478	424	1482	1837	1424	1722	1112	866	1019	1379	1815	4007	4705	2081	554	427	466	619	494	503	440	333	333
AOB_24	951	714	770	747	924	728	773	1340	837	879	793	906	863	658	706	1053	1085	1276	983	1008	890	945	1144	1016	915	1055	802	776	891	840	699	878	795	587	839	824
AOB_25	526	333	407	427	534	467	498	706	317	533	428	640	476	390	369	1269	781	1037	1306	739	545	513	748	1078	3480	1390	780	402	347	343	371	321	398	393	411	388
AOB_26	922	726	868	1435	846	1173	1640	2022	1116	1286	1388	1862	1525	1039	1404	1041	1262	1247	1188	1177	890	1027	1345	1008	3004	2038	1385	853	992	879	1130	756	1066	716	841	804
AOB_27	6	2	3	0	2	0	1	1	0	1	6	0	2	1	0	0	0	4	2	2	0	0	1	0	4	1	2	0	4	7	2	2	0	0	1	1
AOB_28	0	0	0	0	0	0	0	1	0	0	0	0	0	0	0	0	0	0	0	0	0	0	1	0	0	0	0	0	0	0	0	0	0	0	1	1
AOB_29	1978	1482	1732	2172	1883	1710	2193	3594	1612	2076	1877	2517	1980	1617	1871	1926	2100	2286	2166	2264	1804	1754	2521	1912	2948	2587	1844	1332	1538	1287	1612	1406	1577	1479	1451	1304
AOB_30	2	0	0	1	0	0	0	0	0	1	1	0	1	0	0	0	0	2	0	0	1	0	0	0	0	0	1	2	2	0	0	0	0	0	2	0
AOB_31	1232	1051	1124	1106	1365	1287	1195	46819	4420	1640	1306	1419	1353	1070	1174	1368	1187	1605	1547	1467	1264	1350	1619	1527	1135	1517	1037	1101	971	1197	1351	1324	1247	851	929	1237
AOB_32	0	1	2	1	0	0	5	8	0	2	2	2	4	1	3	9	5	13	1	4	1	3	5	1	3	5	6	0	1	1	0	1	0	1	1	0
AOB_33	67	28	39	27	179	23	94	299	49	37	14	77	46	20	49	20	35	12	70	23	30	4	8	67	26	12	10	6	1	0	42	4	2	5	5	2
AOB_34	2070	1502	1762	1615	2618	1850	2095	3099	2053	1864	1805	2324	1984	1348	1840	1986	2328	2583	2092	2083	1797	1701	2494	1937	2282	2289	1761	2042	2263	1912	1630	1779	1857	1557	2447	2022
AOB_35	16	7	7	9	54	12	43	100	7	12	3	27	14	6	12	4	10	4	9	4	4	3	3	15	14	2	1	3	0	1	12	1	0	0	3	0
AOB_36	6	3	2	4	12	3	18	106	15	5	5	26	17	1	17	2	7	0	9	4	9	1	1	9	2	0	0	1	0	6	10	0	0	6	3	1
AOB_37	0	0	0	1	0	0	0	1	1	0	1	0	1	0	0	1	0	0	0	0	0	0	1	0	0	2	1	0	0	0	0	0	0	0	0	0
AOB_38	0	0	0	0	0	0	0	0	0	0	0	1	0	0	0	0	0	0	0	0	0	0	0	0	0	0	0	0	0	0	0	0	0	0	0	0
AOB_39	4149	2592	2940	1993	7174	3151	4600	5682	2266	3441	2269	4371	3130	2020	3410	2419	3305	2668	3515	2701	2074	1716	2615	3145	3582	2503	1761	14940	5910	14206	2549	4568	4784	12093	31788	7492
AOB_40	4591	3057	3356	2997	4110	3135	3288	164195	13437	3723	3633	4219	3541	3367	3000	4428	5056	4896	4854	4677	3223	3792	4645	4276	2969	3795	2938	1836	1885	2016	3254	2201	2716	1696	1845	2327
AOB_41	2415	1784	1887	1588	2245	1664	1494	68505	5854	1926	1812	2029	1633	1567	1530	2204	2548	2391	2461	2205	1626	1848	2234	2202	1503	1948	1542	1193	1134	1338	1660	1799	1797	1004	1207	1538
AOB_42	1590	959	1082	901	1436	1113	1010	42147	3688	1155	1221	1260	1113	1121	1043	1391	1483	1518	1526	1437	1057	1143	1386	1367	895	1212	903	823	800	921	1010	1282	1215	636	840	1114
AOB_43	39	17	39	33	77	33	17	17	85	10	20	19	35	32	21	29	17	30	36	32	16	29	25	27	18	20	24	10	19	23	28	9	12	12	19	34
AOB_44	39609	26064	35990	13725	88417	14881	36802	92806	27490	30509	9357	40228	10296	5421	8960	8830	15768	10210	35085	16406	12844	4857	11040	48126	25101	5348	3193	3678	2641	3508	24240	2881	2781	3449	5499	2846
AOB_45	2480	1554	1736	1312	3955	1607	2559	3524	1636	1968	1316	2654	1827	1179	1947	1462	1873	1683	2038	1584	1185	1067	1541	1773	3000	1877	1256	1829	1326	1667	1429	1067	1137	1557	2623	1214
AOB_46	27357	15505	17253	9162	41093	22417	50171	80674	11499	21188	14253	43861	17026	14914	51405	13929	23771	10799	35127	18587	15418	6367	10923	19793	44172	23122	12102	11848	5069	8108	16008	19279	18210	18624	36529	13713
AOB_47	8	9	2	3	14	5	9	3	0	3	3	3	6	2	6	3	3	1	0	2	0	0	1	2	3	1	0	1	0	0	0	0	1	0	0	1
AOB_48	0	0	0	0	0	0	0	0	0	0	0	0	0	0	0	0	0	0	0	0	0	0	0	1	1	2	0	0	0	0	1	0	0	0	0	0
AOB_49	2994	2086	2396	2001	4619	2469	3123	5934	3002	2843	3763	3483	2726	1922	2630	2539	2848	2938	2912	2680	2300	1993	3679	2644	15649	4309	3237	11281	4242	7358	3572	5547	4061	9123	8019	3011
AOB_50	0	0	0	0	3	0	2	1	0	0	2	1	1	0	1	0	0	1	0	0	0	0	1	0	2	1	0	2	5	1	0	0	2	0	4	2
AOB_51	0	0	0	0	0	0	0	0	0	0	0	0	0	0	0	0	0	0	2	0	0	0	0	0	0	0	0	0	0	0	0	1	0	0	0	0
AOB_52	0	0	0	0	0	0	0	2	0	0	1	1	0	1	0	1	0	0	0	1	0	0	0	0	0	0	0	0	0	0	1	0	0	1	0	0
AOB_53	3	1	3	1	18	2	6	10	2	4	2	3	2	3	8	1	5	0	0	1	0	0	0	0	6	2	0	4	1	4	0	4	10	3	14	5
AOB_54	1	1	3	1	6	1	6	1	1	2	1	1	1	1	4	1	1	0	6	1	0	1	4	4	0	0	1	0	0	0	0	0	1	0	1	0
AOB_55	5	0	5	0	14	1	5	4	0	1	0	2	1	4	1	0	4	0	0	0	0	0	0	2	0	0	0	0	0	0	0	0	0	0	0	0
AOB_56	4939	3062	3191	2157	7135	3185	4519	9126	4290	5080	3106	5424	3177	2192	3504	2344	3165	2626	3630	2750	2083	1748	2823	3339	5013	2524	1795	3052	2167	2637	3103	1939	2512	2465	4147	2038
AOB_57	0	0	0	0	0	0	1	0	0	1	1	0	0	0	0	0	0	0	0	0	0	0	0	1	0	0	0	0	0	0	0	0	0	0	0	0
AOB_58	2862	1944	2067	1707	3992	1980	2715	4684	2535	2233	1747	2717	2170	1507	2234	1790	2331	2112	2158	1838	1480	1389	2024	2161	3023	2533	1647	1981	1537	1819	1650	1295	1418	1765	2834	1376
AOB_59	0	0	0	0	0	0	0	0	0	0	0	0	0	0	0	0	0	0	0	0	0	0	0	0	0	1	0	0	0	0	0	0	0	1	0	0
AOB_60	1101	779	778	455	1708	661	1109	1985	788	843	490	1211	628	407	798	542	690	505	1094	732	480	369	611	1734	958	544	366	650	446	493	681	410	348	524	905	453
AOB_61	685	551	568	312	1328	401	698	1733	561	560	315	788	348	256	430	301	363	328	694	402	326	223	407	1127	603	282	191	427	264	386	430	307	274	427	612	312
AOB_62	1474	951	1183	1266	1877	1004	1369	2111	1173	1249	901	1416	912	691	982	1144	1140	1238	1385	1154	1192	828	1246	1409	1998	3537	1390	999	1062	865	863	747	731	840	1195	801
AOB_63	2998	1737	2085	3216	5358	4180	10034	6836	1900	4017	3715	6907	2605	2354	2539	1789	2404	1939	2813	1994	2361	3237	3576	2803	5356	5402	3455	2789	3251	1428	2968	1355	1245	2610	2158	1038
AOB_64	900	636	608	329	1425	405	776	1526	576	612	330	790	443	246	436	314	462	354	743	416	326	218	406	1383	555	320	215	473	232	379	430	257	281	450	653	282
AOB_65	4530	2855	3503	3014	8031	4130	6188	6343	2671	3747	3284	4690	3334	2680	3268	2328	3584	2816	3636	2691	2372	1808	2953	3484	4104	4336	2797	2773	2471	2237	3030	1688	1697	2425	3235	1669
AOB_66	2011	1317	1417	839	2876	998	1670	2869	1125	1610	889	1931	1161	820	1130	812	1046	896	1662	1073	874	563	1032	2121	1322	766	583	773	590	702	1061	528	567	696	1135	479
AOB_67	52	16	20	35	70	32	62	117	29	26	26	61	22	15	14	32	40	21	39	25	11	16	23	51	27	15	16	20	16	15	23	11	6	7	21	6
AOB_68	2632	1523	1788	2683	4808	3881	10813	6832	1949	4219	3933	7150	2910	2638	2723	1941	2349	1949	2580	2072	2663	1723	3622	2587	5016	5250	3378	2775	3177	1496	2887	1424	1350	2560	2337	1093
AOB_69	0	0	0	0	0	0	0	0	0	0	0	0	0	0	0	0	1	2	0	0	0	0	0	0	0	0	0	0	0	0	0	0	1	0	0	0
AOB_70	1	0	0	1	17	4	2	5	3	0	0	0	2	0	0	1	1	2	1	0	4	1	0	1	11	4	4	0	1	0	0	1	1	1	2	1
AOB_71	0	0	0	0	0	0	0	0	0	1	1	0	0	0	0	0	0	0	1	0	2	0	0	0	0	0	0	0	0	0	0	0	0	0	0	0
AOB_72	0	0	0	0	0	0	0	0	0	0	1	0	0	0	0	0	0	0	0	0	0	0	0	0	0	1	0	0	0	0	0	0	0	0	0	0
AOB_73	0	0	0	0	0	0	1	1	1	0	0	1	0	0	0	0	1	0	5	5	2	0	0	1	7	1	0	2	0	1	0	1	2	0	3	0
AOB_74	0	0	0	0	0	0	0	2	0	0	0	4	0	0	3	0	2	0	0	0	0	0	0	0	0	0	0	0	0	0	0	0	0	0	0	0
AOB_75	0	0	0	1	0	2	0	0	0	0	0	0	0	0	0	0	0	0	0	0	0	0	0	0	0	0	0	0	0	0	0	0	0	0	0	0
AOB_76	0	0	0	0	0	1	0	0	0	0	0	0	1	0	0	0	0	0	0	0	0	0	0	0	0	0	0	0	1	0	0	0	0	3	0	1
AOB_77	1	0	0	0	0	0	0	0	0	0	0	0	0	0	0	0	0	0	0	1	0	0	0	0	0	0	0	0	0	0	0	0	0	0	0	0
AOB_78	25	18	17	11	23	18	9	35	14	20	19	17	17	16	23	35	18	22	35	16	22	31	20	22	16	15	10	11	16	5	13	5	14	7	20	7
AOB_79	4	8	10	12	1	13	7	9	13	12	6	6	6	10	17	1	3	1	9	5	7	18	10	12	6	20	5	66	16	78	13	13	18	29	28	14
AOB_80	26	24	30	24	20	30	17	42	50	27	26	33	34	32	35	52	18	61	40	39	48	62	74	54	28	80	33	37	65	81	59	29	39	21	31	34
AOB_81	140	120	118	109	152	105	109	325	77	89	160	206	176	119	82	153	117	248	156	136	127	139	158	81	205	163	198	98	144	226	87	95	131	60	61	73
AOB_82	33	17	21	27	12	21	24	69	15	10	41	38	35	10	38	41	41	93	13	23	52	37	34	11	42	31	25	17	10	14	11	13	20	10	4	4
AOB_83	0	1	1	1	0	1	1	3	4	4	1	3	0	0	2	1	1	4	4	1	1	2	2	4	0	1	5	2	3	0	1	2	1	0	3	1
AOB_84	0	0	0	0	0	0	0	0	0	0	0	0	0	0	0	0	0	0	0	0	0	0	0	0	0	0	0	0	0	0	0	0	0	0	0	0
AOB_85	2	5	3	11	8	4	13	16	8	12	6	7	7	7	6	17	17	13	3	4	6	14	20	4	11	9	7	25	34	14	14	31	26	14	39	37
AOB_86	4	2	2	3	0	2	1	1	5	0	1	0	0	0	2	2	0	0	2	1	2	1	2	1	4	3	2	1	0	1	0	3	5	3	2	1
AOB_87	0	0	0	0	0	0	0	0	1	0	0	0	0	0	0	0	0	0	0	0	1	0	0	0	0	0	0	0	0	0	0	0	0	0	0	0
NOB_1	3513	2656	2804	2537	9047	2707	2495	86324	5968	3372	3148	3644	2817	2785	2614	4127	4510	4371	5139	4620	3098	3142	4087	3807	4543	3932	2988	1942	2111	2215	2545	2627	2434	1730	1860	2473
NOB_2	0	0	1	0	0	0	0	11	1	0	0	1	0	0	4	0	1	0	1	6	1	0	0	0	1	0	0	4	2	5	0	8	3	5	21	33
NOB_3	4096	3376	3673	5042	4687	4199	4711	68678	6562	3499	3431	5154	4612	4366	4628	4620	3822	4019	5706	5253	4110	5351	6426	5735	8023	6234	4937	8784	7370	12901	5585	25336	16852	17506	23608	30177
NOB_4	0	1	0	1	1	0	0	0	0	0	0	0	0	0	0	0	0	1	0	0	0	1	0	2	0	0	1	0	0	0	0	0	0	0	0	0
NOB_5	0	0	0	0	0	0	0	0	0	0	0	0	0	0	0	0	0	0	0	0	0	0	0	0	0	0	0	1	2	5	0	1	3	2	8	7
NOB_6	1841	1515	1608	2182	1779	1660	1830	10292	2651	1474	1529	1776	1918	1786	1773	2211	1762	1898	2366	2056	1553	2522	2721	2190	2372	2496	1894	4535	3523	6218	2085	8893	7623	7644	11479	14510
NOB_7	1676	1652	1722	2032	1742	1717	1941	9010	2945	1455	1507	1722	2109	1755	1966	2065	1834	1821	2131	2173	1786	2496	2969	2101	2589	2867	2034	3636	3079	5161	1939	7565	6373	6235	9120	11839
NOB_8	0	0	0	0	0	0	1	2	0	0	0	0	0	0	1	0	0	0	0	0	0	0	0	0	0	0	0	0	0	0	0	0	0	0	0	0
NOB_9	0	0	0	0	0	0	0	1	0	1	0	0	0	1	0	0	0	0	1	2	0	0	0	2	1	0	0	0	2	0	1	0	0	1	0	1
NOB_10	3910	2883	3038	4510	6134	4380	4527	15056	6818	3379	3008	5083	4965	4433	8713	4534	3812	3909	5556	5143	4479	4666	6333	5872	9328	6777	4979	3812	4563	4815	4469	6655	5512	6200	7377	9714
NOB_11	0	2	0	1	1	0	0	1	1	0	0	1	0	0	0	0	0	0	0	1	0	0	0	0	4	0	0	1	1	3	0	0	1	5	6	5
NOB_12	0	0	0	0	0	0	0	1	0	0	0	0	0	0	0	0	0	0	0	0	0	0	0	1	0	0	0	0	0	0	0	0	1	0	1	0
NOB_13	5995	2827	3098	4707	16248	8442	8298	34743	9538	5130	3472	9183	7437	5839	12537	9501	4773	6736	8246	9695	6506	6835	11631	12927	40948	18845	13485	6186	10826	5498	6931	7581	5906	7547	8762	9920
NOB_14	2263	1966	1990	2415	2982	2455	2283	8103	4665	1806	1683	2384	2567	2413	3116	2714	2407	2290	3151	2821	2126	2959	3604	3241	3732	3659	2548	2343	2608	3176	2300	4821	3914	3532	5022	6951
NOB_15	30	17	19	44	5	28	27	19	53	19	22	26	25	29	16	44	46	48	49	47	38	54	74	40	22	63	50	56	58	41	25	57	22	47	60	79
NOB_16	1407	1141	1198	1072	1234	1120	1136	1165	829	1260	1247	1341	1175	1058	1117	1405	1589	1566	1612	1426	1129	1288	1584	1194	1220	1483	1147	733	743	868	926	713	839	714	757	767
NOB_17	387	304	265	185	231	229	221	171	116	225	214	276	226	243	218	248	338	230	269	263	211	265	340	199	243	293	210	171	138	184	164	175	172	177	145	169
NOB_18	340	248	267	251	269	304	224	275	266	319	263	387	268	231	247	316	348	392	400	352	268	300	413	281	251	357	255	202	198	238	217	202	251	235	219	226
NOB_19	0	1	1	1	2	4	0	0	0	0	1	0	0	0	0	1	0	3	0	0	1	1	2	0	1	0	0	3	1	0	0	1	0	0	1	0
NOB_20	4	1	7	6	3	6	3	9	5	12	16	17	8	6	3	3	6	13	9	10	11	5	9	10	5	6	2	4	4	7	4	3	7	4	0	5
NOB_21	17075	11190	11942	10098	9490	10451	16261	11172	6191	10433	13202	19190	11858	12289	10347	13165	19908	12345	17635	13236	11223	12131	18700	12449	10353	12312	10438	5023	3672	4501	7769	4677	8462	5585	4296	4486
NOB_22	902	810	836	813	735	778	793	862	668	928	888	1084	870	758	853	1021	1105	1174	1035	997	878	868	1171	865	802	1041	824	592	546	761	595	621	670	604	650	704
NOB_23	1298	1055	1086	920	999	963	931	961	820	1133	982	1087	999	845	832	1114	1211	1392	1273	1200	926	1118	1440	1061	1017	1164	944	736	662	894	770	683	796	694	683	817
NOB_24	851	626	698	601	623	592	612	630	441	731	651	800	609	575	552	640	777	822	786	733	537	643	847	643	720	802	677	424	342	439	462	437	485	418	447	423
NOB_25	18	21	12	19	10	13	27	10	8	18	10	44	21	11	14	16	24	21	32	35	25	19	35	31	20	37	25	11	12	18	12	13	24	8	13	13
NOB_26	20	17	9	1	43	10	3	5	7	5	3	4	3	9	3	2	4	3	2	3	8	2	3	1	7	9	4	4	4	3	4	7	6	2	7	2
NOB_27	12	8	9	8	5	8	9	2	8	10	10	17	15	14	17	2	8	7	2	5	8	2	4	9	4	6	3	9	1	12	5	8	5	7	15	29
NOB_28	388	276	346	267	255	289	324	315	177	299	303	382	283	295	282	288	435	361	385	368	362	323	451	306	297	342	237	229	193	265	229	216	268	236	202	215
NOB_29	96	67	74	96	75	59	79	90	52	119	110	115	89	79	79	97	138	170	94	139	99	112	131	100	101	91	117	49	64	50	62	37	73	59	51	57
NOB_30	15	3	8	11	4	13	15	12	5	26	16	11	5	5	7	13	13	16	10	15	14	13	16	6	3	12	5	9	15	24	13	5	14	15	14	5
NOB_31	59	35	41	29	20	17	20	19	12	31	36	25	18	14	19	17	42	20	31	33	20	19	14	33	26	33	19	17	8	16	19	23	29	14	19	20
NOB_32	241	173	170	190	198	151	215	228	133	238	275	312	224	188	206	213	254	234	289	230	246	277	291	261	216	251	191	120	134	175	160	133	192	138	165	167
NOB_33	1	0	1	0	1	0	0	0	0	1	0	3	0	0	3	0	0	0	1	0	0	0	2	0	0	0	1	0	0	0	0	0	0	0	0	0
NOB_34	2176	1605	1593	1513	1340	1399	1760	1424	886	1814	1763	2123	1527	1414	1446	1737	2385	1870	2176	1902	1537	1621	2278	1573	1586	1918	1507	944	790	1031	1092	903	1306	1005	972	1007
NOB_35	247	197	190	198	170	175	218	177	148	216	217	271	201	182	193	213	260	280	226	226	206	208	304	205	205	250	174	145	177	216	156	139	165	167	146	165
NOB_36	45665	38358	36362	12868	34814	24176	19619	176750	22362	22782	22663	47223	34227	52770	84766	14334	30702	9558	29993	19274	13289	12867	24706	14991	41032	17436	15059	13701	7845	8845	21761	15507	11036	10236	10920	17428
NOB_37	822	722	790	894	693	825	855	1259	1067	1019	899	1049	924	736	779	1060	1009	1512	1013	1080	968	1097	1357	1004	1215	1378	1108	1066	1365	1196	878	1008	1112	812	1202	1119
NOB_38	445	347	390	463	380	401	378	591	494	475	451	439	406	305	320	552	495	660	505	540	442	426	589	456	496	603	431	346	493	386	395	429	478	334	390	496
NOB_39	477	385	401	347	456	332	343	419	296	400	396	449	389	310	343	538	547	544	506	492	420	390	536	443	433	472	415	304	369	350	321	308	313	286	362	305
NOB_40	279	198	219	303	218	260	279	315	271	262	258	309	249	185	234	275	301	308	333	269	239	254	387	287	275	337	254	295	341	309	183	331	305	285	336	400
NOB_41	792	611	700	802	664	708	729	1102	774	904	814	935	716	604	666	910	817	1147	846	832	843	824	1233	838	769	1023	815	914	1175	979	689	869	910	730	1062	1173
NOB_42	40864	29149	31313	33584	23787	28025	44126	45133	13888	65099	47870	54349	28977	34192	25348	40565	51655	32134	51329	45613	41882	48874	68909	36080	58307	67580	55389	48372	42552	46031	33066	33383	24590	54535	32149	33037
NOB_43	5492	3906	4397	4951	3623	3781	5918	6225	2632	8788	6668	7141	4241	4784	3692	5342	6953	4701	6321	5583	4821	5937	8036	4803	6974	7939	6526	5467	4869	5777	4357	4921	4024	6423	4572	4679
NOB_44	28011	20987	22764	23372	18844	18720	26670	27991	11180	40726	30162	32824	20006	23662	17710	28011	38956	23658	33866	29641	25224	31750	41074	25242	36877	41657	32875	25493	22008	25543	20814	21392	17496	28626	19607	19791
NOB_45	584	415	432	562	330	366	546	619	314	741	598	598	427	410	330	475	674	436	533	474	421	591	719	438	653	778	583	518	399	549	431	491	378	536	501	459
NOB_46	4879	3558	4375	5557	3829	3194	6650	7509	4147	9822	5438	5837	3533	4698	3210	3957	5329	3080	5470	5287	3476	5322	5619	4446	9552	8429	5909	4184	3586	3901	4919	5428	3235	7381	4380	3025
NOB_47	0	0	0	0	2	0	0	0	0	0	0	0	0	0	0	0	0	0	0	0	0	0	0	2	0	0	0	0	1	0	0	0	0	0	0	0
NOB_48	1350	1009	1243	1324	1273	982	1508	1598	1014	2193	1496	1629	1154	1242	982	1236	1658	1169	1784	1657	1124	1455	1841	1506	1845	1944	1427	1043	835	918	1059	1138	920	1533	969	843
NOB_49	7763	5802	6471	22823	4734	5270	9295	12895	3761	15416	18325	11081	6459	6594	5136	9096	9673	9097	9534	8554	8238	8552	13068	7009	10344	14104	9543	8344	7152	8120	8196	13882	8314	13715	6397	6332
NOB_50	7294	5707	6096	11489	2865	4054	4967	8024	4815	8925	7343	5963	3606	4245	2960	6057	9970	5010	5624	4679	3745	8841	7551	5446	8978	11651	8369	6485	5804	9904	5893	11893	6925	6495	9982	10666
NOB_51	6554	4828	5173	17970	3966	4375	8259	11600	2600	14573	17644	10221	5512	5852	4188	7275	7786	6834	7951	7006	6994	7347	11407	5665	9440	12679	8449	7580	6568	7312	7360	7695	7159	9449	5430	5114
NOB_52	4588	3274	3559	4339	2980	3228	4485	4518	2064	6755	5146	5502	3309	3490	2807	4244	5291	3770	5345	4610	4046	5013	6591	3883	5766	6679	5371	4337	3633	4244	3477	3751	3192	4628	3354	3261
NOB_53	7703	5720	6443	13670	4837	5192	8895	11115	3158	14846	15583	10694	6372	6616	4858	8485	9435	7817	9656	8450	8037	8723	13358	6971	10507	13172	9646	9719	8349	9410	7426	8089	7908	10598	6761	6267
NOB_54	0	0	0	0	1	0	0	0	0	0	0	0	0	0	0	0	0	0	3	1	0	2	0	1	0	0	0	0	0	0	0	0	0	0	0	0
NOB_55	169	138	142	237	245	164	136	179	164	201	169	172	192	182	135	232	272	267	264	225	183	291	283	224	220	307	238	99	135	155	166	176	133	129	143	112
NOB_56	2311	1741	1980	2644	1792	1455	2518	3178	1885	3944	2169	2485	1471	1906	1459	1788	2305	1770	2453	2194	1533	2291	2490	2063	3868	3491	2438	1865	1609	1813	2091	2352	1512	3022	2035	1519
NOB_57	739	554	644	714	629	515	670	756	583	1090	792	841	533	662	472	605	789	706	955	879	680	791	1061	745	985	988	741	617	505	630	576	752	510	722	675	564
NOB_58	5755	4267	4638	15791	3377	3956	7846	12365	2543	14181	22440	10425	5332	5160	3775	6788	6746	6848	7090	6176	6516	6540	10825	5223	8315	11441	7525	8089	6523	7784	6702	6828	6782	9104	5600	5093
NOB_59	3706	2808	3163	3805	2805	2472	4610	5287	2886	6861	4017	4359	2647	3641	2459	2790	4071	2462	3932	3865	2587	3896	4282	3463	6335	5803	4112	3375	2941	3096	3558	4179	2501	6062	3353	2428
NOB_60	15859	12148	13068	19070	6898	8986	11528	16780	10380	19846	16414	13733	8683	9893	7400	14398	22686	12658	13448	11678	9042	20594	18155	12706	19086	25105	17855	13685	12321	19539	12667	23571	14312	14378	20024	21509
NOB_61	15	3	14	30	8	11	15	18	9	17	21	12	9	9	6	6	13	9	9	9	5	10	17	10	13	18	16	13	7	16	10	20	15	12	25	12
NOB_62	3846	2757	2950	4152	2190	2363	3462	3857	1740	5262	4084	4223	2306	2591	1961	3726	4632	3663	4157	3750	3495	4316	5363	3368	4597	5643	4286	3361	2931	3531	2842	3378	2545	3735	2932	3073
NOB_63	5728	4074	4497	5251	3825	3783	5418	5672	2429	8161	6322	6542	3862	4451	3467	5058	6529	4674	6214	5498	4830	5980	7902	4689	7354	8103	6537	5059	4433	5438	4268	4687	3793	5890	4190	4128
NOB_64	2869	2227	2391	3267	1494	1742	2361	3048	1630	3781	3069	3026	1744	1988	1443	2846	3938	2589	3076	2744	2308	3720	4099	2451	3743	4729	3589	2803	2587	3521	2304	3829	2581	3082	3367	3590
NOB_65	297	265	239	401	236	225	369	477	296	579	328	340	236	305	194	288	336	231	306	345	214	348	342	284	625	552	435	264	284	253	334	331	175	483	258	164
NOB_66	13	9	13	9	6	5	11	10	9	10	11	6	8	11	4	5	17	5	13	5	5	9	6	10	18	25	7	5	7	11	9	14	16	17	7	9
NOB_67	9	4	14	3	9	1	3	4	8	12	9	3	10	17	11	1	2	1	4	8	1	2	1	1	4	2	0	5	0	8	0	10	3	11	4	5
NOB_68	13513	9846	10839	23369	8937	9084	12314	15289	6608	19149	20181	15585	10084	9747	8401	14147	15579	14509	14593	13429	11459	12935	18151	11654	14970	19542	13856	10990	9615	11010	10329	12853	10532	13805	8957	9112
NOB_69	473	388	380	331	364	329	351	341	263	451	423	490	359	308	383	402	428	487	429	405	328	389	508	350	400	453	321	274	266	273	233	268	274	256	288	260
NOB_70	2153	1822	1856	1441	2932	1443	1565	1453	1080	1900	1734	2010	1537	1578	1442	2176	1979	2197	5868	2944	1286	2551	2209	3733	1933	2970	2035	1026	937	1068	1207	1108	1270	1116	996	1105
NOB_71	638	525	591	512	563	579	571	521	401	615	565	689	558	492	604	692	732	816	703	649	570	551	805	572	557	649	518	288	353	415	443	345	385	341	326	326
NOB_72	644	560	477	458	478	507	413	487	381	608	497	596	483	421	449	481	610	669	700	532	472	532	639	539	534	673	479	357	275	403	321	374	439	381	402	409
NOB_73	472	347	394	253	306	297	307	257	223	384	306	361	309	274	277	387	393	479	350	365	301	327	349	320	316	399	293	219	176	233	208	210	202	181	214	195
NOB_74	19847	15129	16054	16719	15414	13015	17384	17741	9669	24497	20482	21441	15752	16155	14033	17568	21405	18254	22705	19241	15765	18275	23497	16939	19733	23014	17798	14625	12476	15421	13420	13829	14598	16618	13056	12988
NOB_75	30	31	39	20	30	22	43	35	22	64	79	55	65	61	37	24	25	25	41	30	18	28	32	34	29	25	15	39	37	40	38	44	76	37	40	52
NOB_76	41	42	53	37	73	28	54	43	29	105	87	62	75	78	63	18	35	19	48	38	35	42	52	34	59	47	41	43	34	70	53	78	79	57	94	50
NOB_77	1151	906	1002	904	917	735	1111	910	512	1495	1294	1380	1181	1247	1030	765	977	713	1088	869	842	829	1286	758	1065	1074	878	904	806	1023	1058	958	1542	1503	1148	953
NOB_78	47	30	27	34	74	18	70	68	33	117	80	70	68	85	52	19	48	28	46	42	37	30	61	31	37	36	31	62	40	71	45	72	92	65	67	48
NOB_79	480	330	412	330	401	238	403	443	215	713	508	515	413	448	371	323	427	361	557	417	358	391	573	369	481	431	368	412	348	578	415	439	596	559	480	340
NOB_80	219	176	175	205	147	143	230	236	130	408	219	280	199	251	151	211	257	206	249	206	188	249	295	172	221	246	210	128	121	142	191	167	216	199	97	109
NOB_81	6309	4667	4674	4060	3308	3369	5027	3702	1885	5210	5447	5922	4325	4647	3771	3363	4232	3298	4323	3938	3359	3681	5387	3325	5154	5658	4653	5312	4515	5308	5010	4971	8324	9462	6667	6344
NOB_82	823	654	776	709	924	574	1061	888	549	1815	1397	1345	1070	1242	896	640	776	685	939	837	773	858	1139	715	976	1071	810	821	665	996	932	882	1358	1028	851	741
NOB_83	1138	824	892	658	831	525	878	768	461	1342	1106	1154	985	1118	888	569	808	632	865	747	606	743	996	660	1260	1340	941	957	1041	1329	1540	1343	2999	2684	1413	1267
NOB_84	407	315	416	360	437	259	495	440	238	815	632	620	529	581	453	273	416	301	396	349	337	372	519	342	457	434	362	334	264	401	402	406	619	446	422	355
NOB_85	14	7	6	3	6	4	8	3	2	2	4	3	6	2	4	8	12	18	6	3	12	5	16	8	7	7	6	6	3	1	2	15	7	3	5	7
NOB_86	31	26	25	10	14	19	6	8	16	15	22	10	24	10	7	19	34	13	25	34	15	19	26	10	16	22	19	23	12	15	13	11	17	17	27	15
NOB_87	51	30	48	51	37	37	34	31	14	31	18	43	14	25	25	31	51	35	35	27	17	37	37	46	35	54	48	21	11	28	26	24	12	30	24	33
NOB_88	886	566	647	571	580	448	418	568	624	718	533	614	433	317	382	599	640	848	750	612	580	485	650	594	466	651	455	412	372	333	308	404	458	309	312	412
NOB_89	2	2	1	1	1	0	1	3	0	1	0	4	1	0	2	0	1	0	3	3	0	1	5	7	0	2	1	1	0	1	0	0	5	1	1	0
NOB_90	9	9	5	3	8	13	6	2	6	1	6	13	5	7	11	12	15	6	10	3	8	11	6	4	5	3	2	8	3	5	5	2	0	2	2	10
NOB_91	10	3	6	11	11	3	8	8	3	5	10	10	7	6	3	5	8	11	17	15	12	9	11	6	11	10	4	4	4	6	9	2	9	12	5	6
NOB_92	21	16	16	9	10	10	9	10	60	14	6	12	19	23	19	31	24	38	9	21	8	16	14	15	13	10	11	12	8	25	17	17	20	15	17	27
NOB_93	66	35	53	41	29	41	40	62	122	36	41	59	41	54	36	58	53	66	59	63	34	75	56	145	34	72	43	28	23	51	65	31	34	27	46	51
NOB_94	1	1	0	0	0	0	0	1	1	1	1	0	0	0	0	0	2	4	1	2	0	1	0	2	1	7	5	1	3	0	2	0	0	0	0	0
NOB_95	2	2	1	5	2	3	1	2	1	4	0	2	1	3	1	1	3	2	0	8	1	1	0	3	1	4	0	0	0	3	0	2	0	1	3	0
NOB_96	1381	1068	1130	1073	3240	806	1163	924	651	1552	1208	1247	1021	1038	877	1577	1290	1513	7419	2958	831	2623	1359	4389	1723	2884	1845	859	688	961	912	934	1033	1005	955	882
NOB_97	15	8	11	6	9	10	2	8	4	7	6	1	4	3	4	9	16	14	13	13	9	9	6	6	10	6	9	10	5	1	7	6	5	3	2	8
NOB_98	16	8	6	3	1	4	2	3	6	12	5	3	10	11	6	7	11	8	8	3	3	6	11	10	7	15	6	4	7	3	5	9	5	5	4	5
NOB_99	0	0	2	0	0	0	0	0	0	0	0	0	0	1	0	0	1	0	1	2	0	1	0	0	0	0	1	0	0	2	2	4	1	0	0	0
NOB_100	7	5	5	2	3	4	1	0	3	2	3	5	2	2	3	3	5	6	6	4	5	3	2	1	4	6	2	3	2	7	4	2	2	1	5	6
NOB_101	37	25	42	24	31	16	27	45	30	42	23	26	19	15	20	42	44	40	49	46	51	34	48	35	30	38	21	17	17	13	15	19	28	12	18	22
NOB_102	117	62	92	73	70	70	75	84	37	79	81	109	71	59	64	66	90	86	93	83	73	79	109	61	86	108	81	54	51	72	46	62	78	36	63	74
NOB_103	22	29	16	10	31	18	20	12	6	14	17	29	21	42	39	10	12	12	19	9	9	14	18	28	13	25	22	11	6	9	32	6	8	21	14	7
NOB_104	4	3	2	0	1	0	4	2	2	3	1	1	5	2	4	1	7	4	1	4	3	5	5	1	4	0	7	7	3	3	3	6	7	1	3	15
NOB_105	71	53	55	40	36	53	68	31	19	56	77	105	67	81	69	46	67	57	53	50	48	41	65	67	42	63	56	35	34	34	32	23	41	44	24	21
NOB_106	3	4	11	5	8	3	2	0	5	2	3	2	9	3	4	7	6	8	18	11	5	22	23	14	4	10	5	3	4	11	1	6	7	3	3	8
NOB_107	4	0	0	3	0	1	0	2	1	1	2	2	0	0	1	2	2	6	3	1	4	1	2	5	0	2	1	0	1	1	1	0	2	0	0	0
NOB_108	73	52	63	35	59	33	34	37	47	54	37	35	37	45	39	50	48	44	53	48	45	41	54	45	43	43	33	45	29	35	21	33	32	22	13	22
NOB_109	83	60	84	74	64	59	41	79	92	64	50	57	59	50	46	67	73	55	59	65	80	74	77	56	53	54	60	44	42	52	54	50	39	30	34	58
NOB_110	15	1	3	7	6	1	4	0	3	5	7	3	0	6	2	7	10	3	16	7	2	5	5	5	1	1	4	10	4	4	1	1	5	1	2	2
NOB_111	218	119	151	156	115	115	133	122	71	199	157	187	156	118	144	145	170	174	171	158	132	143	188	133	163	144	136	108	84	110	97	107	112	92	88	124
NOB_112	31	18	23	10	14	14	6	10	9	14	11	13	14	10	13	8	13	10	14	19	6	7	18	15	13	15	15	15	8	22	5	19	15	23	26	39
NOB_113	86	61	68	73	41	57	93	78	44	75	91	83	81	54	53	73	86	75	75	71	70	64	102	56	92	81	67	49	46	62	60	41	62	50	36	35
NOB_114	40	23	17	28	32	27	11	19	16	23	16	29	25	29	13	27	38	21	41	29	23	19	33	35	24	25	24	23	8	12	14	14	22	14	17	13
NOB_115	479	380	401	303	328	399	327	359	266	501	415	457	351	299	336	443	453	546	417	403	388	372	469	357	410	490	417	283	296	355	314	292	319	286	304	271
NOB_116	3	0	1	0	0	0	3	0	0	0	4	0	0	0	2	1	2	2	0	1	1	0	1	5	1	5	1	1	2	1	0	7	0	1	0	1
NOB_117	1201	969	937	855	780	814	897	905	573	1099	1117	1118	961	805	957	1053	1121	1192	972	1040	888	1056	1207	910	1112	1212	942	688	656	793	696	720	777	633	677	628
NOB_118	661	541	579	391	484	426	423	423	319	552	406	540	438	388	445	536	566	630	501	496	422	458	618	456	498	605	472	364	336	442	328	361	393	328	314	374
NOB_119	577	430	473	397	446	382	472	376	339	565	471	569	418	381	409	473	509	496	480	486	411	428	582	385	476	607	440	288	276	298	345	291	339	247	305	276
NOB_120	0	0	0	0	0	0	0	0	0	0	0	1	0	0	0	0	0	3	0	0	1	1	0	0	0	0	0	0	0	0	0	0	0	0	0	0
NOB_121	83	43	71	74	57	67	68	74	51	89	100	70	73	71	60	63	77	74	77	80	75	77	69	74	87	81	60	48	35	40	56	59	46	49	46	40
NOB_122	836	583	615	437	390	447	397	462	315	575	429	529	435	384	433	544	698	696	483	513	471	477	606	479	660	852	615	326	285	373	313	332	407	313	375	392
NOB_123	1	0	0	3	5	3	3	2	0	0	2	2	3	3	2	2	3	2	4	0	0	3	2	2	0	2	2	2	2	1	2	4	2	2	3	2
NOB_124	900	690	726	664	687	629	696	664	486	718	727	929	662	610	612	779	804	983	858	788	611	778	988	610	674	822	688	472	495	598	523	545	562	528	507	480
NOB_125	620	517	471	406	427	452	507	504	320	650	499	655	527	414	446	529	631	721	612	606	491	551	707	533	529	641	552	408	337	445	377	391	378	340	374	339
NOB_126	613	396	472	417	341	387	327	339	219	496	397	497	279	292	293	490	604	610	497	502	419	461	602	457	507	594	437	266	219	276	330	279	351	280	220	276
NOB_127	588	450	455	363	398	392	388	401	263	518	428	538	454	383	355	435	542	447	494	482	369	376	569	401	441	523	380	369	308	389	273	355	367	336	366	392
NOB_128	536	420	417	324	336	317	436	425	315	460	441	492	409	431	371	389	479	457	494	448	354	349	515	416	410	446	408	276	229	321	310	305	363	275	281	279
NOB_129	319	205	246	180	163	277	258	179	104	299	189	297	198	171	142	185	304	299	256	223	197	176	273	210	183	267	201	153	125	118	136	125	156	137	159	111
NOB_130	2557	2018	2106	1716	1756	1589	1711	1660	1239	2065	2004	2172	1781	1626	1748	1914	2104	2143	2336	2076	1851	1811	2427	1827	1883	2200	1806	1293	1188	1434	1396	1321	1466	1243	1291	1322
NOB_131	513	393	417	357	335	348	358	377	260	495	471	540	422	381	392	424	530	536	508	486	413	477	616	420	421	560	389	292	276	382	336	338	410	282	321	310
NOB_132	346	270	304	234	208	285	296	305	196	346	319	314	232	207	250	298	344	391	296	288	296	284	389	293	306	368	290	156	179	220	191	240	275	180	228	277
NOB_133	4643	3289	3598	6503	2890	3065	5067	5943	1750	8036	7398	6247	3336	3835	2809	4581	5684	4074	5681	4917	4536	5256	7541	3973	6631	7883	5977	5209	4336	5106	4108	4056	3776	5902	3629	3469
NOB_134	1866	1607	1704	1361	1457	1466	1457	1420	1058	1851	1766	1896	1673	1631	1630	1543	1863	1731	1756	1753	1372	1549	2020	1418	1686	1769	1446	1277	1020	1312	1252	1146	1423	1254	1149	1154
NOB_135	197	163	154	147	130	130	152	156	117	192	177	215	166	158	162	168	231	234	194	182	171	147	251	161	184	188	163	127	105	137	119	87	117	139	109	121
NOB_136	172	134	115	92	91	114	97	68	54	100	87	124	90	75	80	106	118	110	105	84	97	90	107	73	98	103	97	65	54	77	72	75	73	54	67	64
NOB_137	189	153	159	162	145	153	166	175	114	196	198	206	213	154	133	177	188	202	166	175	152	156	182	140	188	176	146	102	78	133	140	142	133	141	120	105
NOB_138	528	407	497	558	478	340	574	599	352	1006	809	699	593	609	515	512	570	636	574	567	522	482	723	488	794	850	529	502	417	968	515	592	1271	572	616	627
NOB_139	23	20	31	22	39	32	26	37	41	34	55	42	36	29	24	46	56	54	31	56	34	30	59	29	58	66	42	60	35	56	48	48	62	67	46	68
NOB_140	1358	1046	1184	1171	1221	839	1348	1297	766	2085	1674	1723	1494	1522	1172	1038	1432	995	1436	1283	1107	1224	1591	1126	1773	2115	1262	1332	1008	2265	1157	1282	2967	1406	1312	1119
NOB_141	1793	1225	1415	1415	1117	997	1566	1563	939	2295	1751	2036	1478	1264	1149	1443	1689	1592	1581	1569	1414	1470	2139	1330	1777	2142	1661	1310	1264	1674	1450	1428	2703	2267	1539	1289
NOB_142	0	1	0	1	1	1	2	3	2	5	1	8	5	5	3	2	2	3	1	5	3	1	0	0	0	1	2	4	3	1	1	6	1	3	2	0
NOB_143	18	25	14	20	10	13	20	55	24	38	31	28	34	15	27	26	22	27	27	39	15	16	34	21	19	31	19	17	20	15	23	22	17	23	9	17
NOB_144	8	10	13	1	1	6	3	1	1	3	5	1	15	9	6	3	5	7	1	3	1	4	1	2	2	10	8	8	3	1	0	0	0	1	4	0
NOB_145	0	1	0	0	1	2	2	0	0	7	1	0	4	2	12	3	3	4	3	1	1	1	9	0	1	1	2	0	0	0	0	0	3	0	1	2
NOB_146	0	0	0	0	0	0	0	0	0	3	0	0	0	0	0	0	0	0	0	0	0	0	0	0	0	1	0	0	0	0	0	0	0	0	0	0
NOB_147	2	3	3	6	3	0	0	6	2	3	4	1	4	6	2	3	2	7	1	2	1	0	1	7	11	8	4	2	7	2	1	4	0	1	2	2
NOB_148	3	1	1	0	0	0	0	0	0	0	0	0	0	0	0	0	0	0	0	0	0	0	0	0	0	0	0	0	0	0	0	0	0	0	0	0
NOB_149	7	11	4	5	16	9	6	4	6	7	12	9	2	1	3	2	6	6	5	2	1	2	3	8	5	1	3	6	1	2	2	2	7	3	0	1
NOB_150	1	0	0	0	1	3	3	2	0	2	0	0	0	1	0	1	0	1	0	0	0	0	1	0	0	3	0	0	2	0	1	0	0	0	1	0
NOB_151	6	1	2	17	0	6	7	8	2	16	13	18	2	13	4	7	7	6	13	14	9	10	12	9	13	11	12	17	13	13	10	12	12	26	8	7
NOB_152	0	0	0	0	0	0	1	0	1	1	0	0	1	0	0	0	0	0	1	4	0	0	0	0	0	0	0	1	0	0	1	0	0	0	1	0
NOB_153	3	0	1	6	7	2	1	1	3	9	8	6	3	1	5	5	3	6	7	11	1	3	7	8	6	7	11	0	1	1	1	3	7	2	1	1
NOB_154	1	1	1	4	0	2	0	6	2	0	2	1	2	2	0	1	1	1	4	1	0	4	1	0	1	1	3	2	1	2	1	0	0	6	3	4
NOB_155	0	0	0	0	0	0	0	1	0	0	0	0	0	0	0	0	0	0	0	0	0	0	0	0	0	0	0	0	0	0	0	0	0	0	0	0
NOB_156	0	0	0	0	0	0	0	0	0	0	0	0	0	0	1	0	0	0	0	0	0	0	0	0	1	0	0	0	0	1	0	0	0	0	0	0
NOB_157	0	0	0	0	0	0	0	0	0	0	0	0	1	0	0	0	0	0	0	0	0	0	0	0	0	0	0	0	0	0	0	0	0	0	0	0
NOB_158	2	0	0	1	0	0	1	0	1	1	1	3	1	0	4	3	0	1	0	0	0	0	1	1	1	1	0	5	0	1	1	1	2	1	5	1
NOB_159	0	0	0	0	0	0	0	4	0	0	0	0	0	0	0	0	0	0	0	0	0	0	0	0	0	1	0	0	0	1	0	0	0	0	0	0
CMX_1	9024	6758	7380	7603	6124	6033	8390	8143	4219	12090	9087	10099	6467	7209	5802	8631	11305	8004	10391	8912	7647	9564	12185	7999	10110	11771	9435	7053	6043	7558	6453	6844	6009	8028	6206	6425
CMX_2	12344	9618	10044	17654	5010	6986	9116	13981	8508	15432	13250	10735	6483	7514	5586	10668	17033	9565	10225	8652	6793	15077	13142	9376	14558	18703	13140	10565	9781	15694	10192	19560	11648	10837	16207	17074
CMX_3	3724	3000	2988	4228	2200	2349	3259	4206	2375	5054	4068	4107	2744	2872	2255	3785	4985	3660	3998	3620	3188	4730	4954	3184	4627	5589	4105	3509	3233	4243	3070	4565	3195	3824	3898	4021
AOA_1	73	89	70	38	76	51	77	33	27	55	45	102	55	72	53	44	63	27	67	35	32	59	49	45	62	55	58	32	13	45	34	30	14	44	27	23
AOA_2	48	42	39	27	40	31	27	39	17	31	31	53	30	39	32	26	48	27	33	27	37	38	37	14	44	56	30	15	9	32	22	20	19	25	10	11
AOA_3	436	400	410	194	460	330	420	288	140	339	212	489	275	432	266	253	391	208	405	264	233	308	386	477	323	664	298	274	119	322	308	337	212	341	178	271
AOA_4	696	603	604	316	785	482	581	434	184	619	446	762	416	699	476	372	614	327	667	435	324	554	676	726	554	1418	483	434	200	458	469	468	347	535	241	475
AOA_5	258	238	217	111	294	167	180	290	519	167	128	300	172	213	176	147	196	119	567	151	139	171	277	5049	221	410	173	99	63	185	191	167	100	121	76	90
AOA_6	142	117	130	43	124	95	131	104	50	112	77	154	77	135	101	68	153	75	142	87	70	110	127	113	91	134	74	106	71	147	122	114	69	177	90	171
AOA_7	0	0	0	0	0	0	0	0	0	0	0	0	0	0	0	0	0	0	0	0	0	0	0	1	0	0	0	2	0	19	0	8	4	1	5	4
AOA_8	220	149	202	54	178	116	141	94	48	87	86	220	89	166	87	75	140	65	136	76	80	116	138	113	115	150	120	75	36	95	82	89	59	111	66	73
AOA_9	342	295	339	226	313	290	282	350	205	291	263	454	346	308	291	264	350	366	341	266	282	339	414	336	404	554	321	410	320	644	289	401	421	313	312	347
AOA_10	1	5	4	0	1	1	1	4	1	2	2	3	0	2	1	3	2	0	1	1	0	1	0	3	0	2	0	2	2	4	0	2	3	6	5	0
AOA_11	323	256	259	115	227	145	193	123	74	156	110	209	151	184	151	127	223	133	165	120	103	154	172	188	151	212	116	86	35	97	120	91	79	84	47	82
AOA_12	105	60	68	57	69	47	66	49	37	100	68	114	77	101	68	62	131	97	106	85	58	74	79	74	89	109	79	50	27	84	58	63	51	75	34	41
AOA_13	142	100	97	46	102	92	80	92	43	106	62	136	87	92	57	83	102	59	113	83	53	79	103	73	84	126	67	69	24	69	71	69	33	92	39	74
AOA_14	4	5	1	0	8	3	1	4	3	20	3	7	6	5	4	8	20	3	10	12	3	8	9	6	11	9	7	5	4	14	5	16	7	4	5	8
AOA_15	31	27	39	9	9	20	16	11	5	17	13	23	10	21	8	7	23	12	39	23	30	38	45	14	31	41	28	14	9	19	26	25	27	86	25	36
AOA_16	3	4	3	1	1	1	0	0	0	1	0	0	2	1	0	0	2	2	2	1	0	2	0	2	2	1	0	1	1	0	3	2	0	0	2	0
AOA_17	25	20	20	7	18	12	16	7	11	18	8	40	10	26	7	16	20	19	27	12	19	36	23	23	22	32	18	37	10	18	6	27	24	43	15	41
AOA_18	10	5	0	12	20	12	14	8	4	18	22	52	35	33	18	13	47	12	25	9	19	21	24	44	15	32	9	14	5	21	10	18	2	23	6	9
AOA_19	0	0	2	5	2	8	4	9	6	7	7	11	4	7	8	3	4	6	7	2	5	7	0	5	6	0	0	1	4	8	3	4	3	8	1	1
AOA_20	63	59	55	23	39	21	44	27	13	27	21	50	23	40	18	15	22	6	20	11	16	12	23	12	30	40	26	27	6	28	21	19	23	17	10	44
AOA_21	12	3	10	7	24	5	10	11	12	5	4	18	8	29	16	12	25	10	16	18	9	17	18	18	19	19	7	17	10	13	11	9	6	10	7	7
AOA_22	121	117	117	39	112	78	83	46	34	65	59	146	79	155	82	37	90	58	101	60	25	65	88	48	54	75	53	41	23	38	61	37	27	45	22	22
AOA_23	113	72	73	46	71	74	67	66	28	106	65	94	56	58	46	68	105	43	95	59	45	116	120	46	74	110	78	67	30	61	56	109	45	105	57	90
AOA_24	0	0	0	0	0	0	1	0	0	0	0	0	0	0	0	8	2	2	1	0	1	0	0	5	1	0	1	0	1	5	0	0	0	3	0	0
AOA_25	4	2	1	1	1	0	0	0	1	0	0	0	4	1	0	0	0	1	7	1	0	5	3	2	5	9	5	1	0	3	4	0	8	4	2	2
AOA_26	2	2	2	1	4	5	0	0	0	1	0	2	0	3	2	2	6	2	2	1	2	2	3	4	2	3	6	2	0	5	2	0	0	3	4	0
AOA_27	0	0	1	2	3	2	2	1	2	6	4	6	4	7	0	0	3	0	3	4	3	1	9	5	10	9	1	4	0	1	2	1	0	2	1	3
AOA_28	23	34	24	3	16	7	12	7	3	8	9	15	10	9	10	2	11	2	7	5	3	14	11	4	2	8	3	0	1	1	9	3	2	4	0	0
AOA_29	39129	38044	39949	38412	53396	29434	36554	43061	92622	30287	21425	41139	19341	30586	18816	39193	46814	42834	43467	29974	23584	58873	50209	52297	35457	68603	48305	31917	64155	15842	43915	19755	14321	24419	14726	23707
AOA_30	15170	12689	12715	6916	18261	9498	15239	11472	8101	15858	13563	27471	14831	23430	14541	10427	19861	7695	16580	9783	7801	12783	15432	12074	21542	17714	13838	13435	5935	13097	11136	9213	11322	13385	7558	10561
AOA_31	57702	45938	46510	33125	95257	42420	73000	49460	26078	69101	74316	154830	87797	136201	84588	54783	106268	38563	77125	41281	35957	58468	65928	58213	86278	81036	55853	46391	17772	36652	42365	25451	45870	41198	15833	20589
AOA_32	945	737	696	483	1535	680	1180	848	377	1104	1367	2781	1558	2386	1478	826	1631	521	1215	607	555	903	1043	860	1330	1290	848	984	364	649	653	355	702	727	267	324
AOA_33	60	50	51	15	30	18	18	17	6	9	11	32	20	24	23	13	33	17	15	19	9	33	34	9	25	14	18	13	7	26	15	10	8	18	7	14
AOA_34	14705	12883	12463	6974	17738	9126	14791	10532	8341	14183	13129	26169	14382	22963	14121	10112	19651	7552	15489	9061	7242	12167	14447	11318	21809	17384	13817	12149	5101	11796	10135	8358	10895	11828	6800	9472
AOA_35	656	617	557	225	518	343	446	331	157	388	252	576	326	505	329	301	437	280	406	294	212	409	452	320	407	471	353	253	131	271	339	294	196	363	225	344
AOA_36	194	147	160	108	187	132	201	99	45	157	95	188	92	174	106	84	103	78	145	96	93	125	127	106	132	178	119	106	31	99	109	91	78	133	62	127
AOA_37	153	95	101	64	102	106	123	85	36	118	53	134	69	107	75	97	140	83	115	75	70	73	120	97	88	134	96	76	33	76	77	74	47	94	61	93
AOA_38	659	631	630	292	655	414	571	374	211	444	373	754	375	592	409	378	608	281	564	367	267	514	491	389	485	600	409	2450	5781	39453	429	16661	3918	881	10871	8779
AOA_39	961	859	814	428	869	563	810	551	280	756	473	1064	538	840	521	548	814	424	824	548	414	684	707	562	745	816	581	2134	4767	28122	589	12905	2807	1144	7753	6181
AOA_40	807	709	695	320	963	656	876	509	240	710	526	1143	591	887	583	444	734	379	707	473	400	575	663	524	726	818	605	1430	2346	15592	566	7538	1820	870	4275	3797
AOA_41	845	774	745	310	710	510	694	447	210	525	414	919	521	853	523	426	688	380	599	433	317	470	581	438	526	656	470	1102	1760	13271	480	10373	1328	688	3314	3108
AOA_42	849	740	732	304	744	481	557	399	198	509	408	755	471	782	515	453	737	372	582	372	347	489	610	524	650	1682	472	373	188	435	475	364	351	426	223	335
AOA_43	958	846	853	319	804	521	713	570	269	674	771	968	564	806	481	420	753	419	651	472	377	633	723	851	1509	5537	538	708	239	851	905	749	775	542	276	416
AOA_44	618	549	551	265	578	387	528	340	124	477	344	670	390	580	349	283	468	248	486	291	251	406	509	416	539	1782	369	255	111	369	453	393	314	350	180	295
AOA_45	103739	88022	89142	134794	106278	114977	273739	190379	32433	729967	127033	207627	85698	109167	81154	80650	122993	63399	361521	242055	202268	324275	426208	133160	274337	264865	240123	203814	67851	128948	180764	411259	171591	498756	110595	291344
AOA_46	67744	60289	58313	18743	55570	35722	50898	31626	10956	42512	28220	69717	40068	65572	39233	23778	45000	17942	41516	24506	22491	33970	42797	27964	33207	39281	30465	29931	10750	31285	35521	24117	20550	45317	20623	31883
AOA_47	18	12	21	10	15	3	18	13	2	19	9	8	2	3	11	24	25	20	26	18	27	20	21	19	20	30	12	25	17	29	7	18	10	19	13	15
AOA_48	91	99	69	40	69	53	71	44	15	55	39	117	40	77	50	52	79	44	73	53	36	70	84	39	49	86	51	50	20	49	41	47	39	46	26	42
AOA_49	0	0	0	0	0	0	0	0	0	0	0	0	0	0	0	0	2	0	0	0	0	0	0	0	0	0	0	0	0	0	0	0	0	0	0	0
AOA_50	11	7	2	2	5	2	7	0	7	10	2	11	4	14	6	1	7	2	3	0	2	5	5	2	7	1	6	0	2	3	7	6	2	3	0	1
AOA_51	5	3	1	3	3	1	4	4	0	20	3	5	2	9	2	2	2	1	28	14	8	11	14	17	11	14	14	9	3	8	11	11	4	11	2	10
AOA_52	208	191	173	41	188	87	117	69	22	82	70	174	113	186	109	61	102	51	73	49	54	82	93	63	71	98	75	58	23	48	87	39	50	67	27	55
AOA_53	64	37	52	27	29	25	36	23	15	85	32	47	23	18	21	32	46	45	54	41	42	43	42	47	41	42	44	38	21	73	23	59	35	46	47	59
AOA_54	0	0	0	0	0	0	0	0	0	0	0	0	0	1	0	0	0	0	0	0	0	0	0	0	0	2	0	0	0	0	0	0	2	0	0	0
AOA_55	116	82	96	43	98	55	40	59	29	88	52	122	85	94	57	157	153	117	282	151	120	204	141	254	159	151	113	160	62	241	64	92	40	117	87	120
AOA_56	228	176	191	44	202	114	140	107	32	122	85	238	140	263	134	82	170	53	176	102	126	215	154	201	114	166	132	180	65	327	97	107	63	87	57	68
AOA_57	102	86	75	16	86	58	59	26	33	63	52	118	75	129	60	46	75	43	64	43	37	47	73	39	53	59	33	74	61	222	46	112	45	63	52	64
AOA_58	44	27	37	18	41	20	25	20	11	26	15	31	21	35	20	20	47	4	23	17	14	15	24	14	15	31	15	33	16	71	19	60	20	27	19	26
AOA_59	71	69	64	28	58	40	56	28	25	48	54	82	48	77	36	47	57	34	69	37	32	39	59	32	46	68	44	60	44	197	43	94	37	39	51	57
AOA_60	1038	921	849	303	789	501	670	470	191	655	463	1005	600	966	561	418	722	327	868	506	439	657	680	628	654	754	569	701	293	898	542	508	398	852	552	862
AOA_61	153	126	148	111	228	110	182	123	67	150	166	300	168	205	146	139	194	119	169	95	80	131	169	115	207	220	118	181	86	236	108	124	138	102	90	91
AOA_62	91	88	79	56	122	84	100	84	44	110	92	207	111	182	91	77	147	61	132	74	82	100	143	79	108	136	104	176	95	377	88	183	89	207	149	206
AOA_63	4836	3737	3936	3093	8282	3606	6469	4375	2170	6085	6714	13657	7818	11812	7228	4688	9070	3457	6462	3545	2980	4891	5664	4981	7961	7036	4846	5297	2039	3958	3729	2327	4776	3842	1591	1948
AOA_64	881	824	809	255	787	461	715	416	159	579	396	1094	615	1057	599	319	552	237	509	276	264	393	506	345	413	549	437	460	166	588	513	358	354	643	316	450
AOA_65	117	131	106	127	159	91	195	139	80	276	205	315	128	197	121	103	169	90	208	131	102	133	172	130	221	235	168	204	91	216	148	182	201	188	88	126
AOA_66	1931	1537	1547	1546	3644	1634	3010	2179	1033	3140	3282	6538	3520	5247	3286	2161	3811	1517	3200	1691	1539	2356	2869	2382	3651	3362	2434	2525	1065	1942	1792	1275	2160	2469	964	1320
AOA_67	1079	929	862	309	900	532	776	434	192	547	415	1093	508	898	552	469	738	348	664	423	337	517	652	504	620	869	524	437	182	559	495	464	324	617	308	516
AOA_68	49	48	56	21	52	45	36	21	16	24	14	33	46	54	53	21	40	21	17	29	13	24	26	16	17	31	23	15	19	24	24	9	16	15	16	29
AOA_69	1107	867	878	352	871	597	751	512	238	604	474	955	549	797	536	583	886	511	787	472	412	687	680	745	879	2171	660	476	222	605	624	514	386	528	299	394
AOA_70	199	179	159	91	164	132	126	115	76	107	98	221	126	175	122	114	186	120	165	115	97	153	166	109	139	191	129	121	98	136	110	104	101	156	85	95
AOA_71	51	42	39	3	38	16	26	11	3	26	17	34	39	44	30	10	28	2	8	17	5	18	18	18	14	22	11	8	3	10	17	11	14	10	2	6
AOA_72	5	3	1	13	2	0	8	4	2	9	4	7	11	9	9	8	14	4	6	2	5	5	15	13	11	15	6	0	2	1	3	7	3	0	4	2
AOA_73	19	14	7	18	9	13	8	14	11	26	25	10	11	16	13	31	29	26	45	32	33	12	24	24	19	48	14	4	4	6	25	2	8	5	12	8
AOA_74	75	69	56	79	55	83	122	82	77	121	109	99	95	78	100	161	149	121	137	116	129	148	179	103	88	114	75	36	44	48	86	40	55	31	61	65
AOA_75	7	4	7	6	11	5	7	3	4	7	12	26	17	18	14	7	11	10	11	5	8	9	9	6	9	12	15	12	4	21	7	11	1	9	4	3
AOA_76	0	0	0	0	0	0	0	0	0	0	0	0	0	0	0	0	0	1	0	0	0	0	0	0	0	0	0	0	0	0	0	0	0	0	0	0
AOA_77	0	0	0	0	0	0	0	0	0	0	0	0	0	0	0	0	0	0	0	0	0	0	0	0	0	0	0	0	0	0	0	0	0	1	0	0
AOA_78	0	3	1	1	1	1	1	0	3	1	0	0	0	3	3	0	1	4	1	0	0	2	0	4	0	3	0	0	2	2	0	2	2	7	1	3
AOA_79	2	3	1	3	6	4	3	2	3	5	3	0	1	1	1	3	10	7	0	6	3	8	10	4	7	11	4	6	5	7	4	2	5	3	2	1
AOA_80	58	56	44	55	38	62	46	58	35	65	70	88	59	35	54	73	82	95	78	71	53	62	84	59	76	84	59	23	28	38	72	40	28	35	36	44
AOA_81	4	3	1	4	2	1	0	2	1	8	1	1	1	0	2	2	2	5	2	3	2	4	7	2	4	4	0	3	4	3	1	5	2	1	5	3
AOA_82	0	0	0	0	0	0	0	0	0	0	0	0	0	0	0	0	0	0	0	0	0	0	0	0	0	0	0	0	0	0	0	0	0	0	0	0
AOA_83	2	1	0	0	2	0	0	0	1	2	1	4	0	1	1	2	5	2	3	3	1	0	0	4	0	3	0	0	0	0	0	0	1	0	0	0
AOA_84	0	0	0	0	0	0	0	0	0	0	0	0	0	0	0	0	0	0	0	0	0	0	0	0	0	0	0	0	0	0	0	0	0	2	0	0
AOA_85	54	38	58	57	57	55	35	44	41	91	49	48	56	43	35	58	68	79	48	50	37	55	53	36	37	58	37	35	32	37	64	35	29	49	27	52
AOA_86	83	64	78	44	91	72	58	130	85	87	91	99	99	39	51	120	122	130	78	97	84	56	115	85	79	109	56	42	50	34	52	23	45	21	34	46
AOA_87	27	20	21	1	22	12	22	5	0	7	8	19	14	29	9	4	14	3	4	1	3	5	17	6	3	10	6	0	0	0	10	0	6	0	0	0
AOA_88	0	0	0	0	0	0	0	0	0	0	0	1	0	0	0	0	0	0	1	0	0	0	1	0	1	0	1	0	2	0	0	0	0	0	0	0
AOA_89	0	0	0	0	0	0	0	0	0	0	0	0	0	0	0	0	0	0	0	1	0	0	0	0	0	0	0	0	0	0	0	0	1	1	0	0
AOA_90	0	0	0	0	0	0	0	0	0	0	0	0	0	0	0	0	0	0	0	0	0	0	1	0	0	0	0	0	0	0	0	0	0	0	0	0
AOA_91	0	1	1	2	1	8	4	10	2	3	0	4	2	2	0	12	2	2	1	4	2	0	6	0	2	4	2	0	1	0	2	3	0	0	0	0
AOA_92	4	3	6	0	1	0	0	0	0	0	0	0	0	0	0	4	7	3	0	2	0	2	0	0	0	1	0	0	0	2	0	0	0	0	0	0
AOA_93	6	1	3	2	2	0	0	0	0	0	3	3	0	0	0	0	0	0	2	2	0	4	3	3	2	2	3	0	0	1	0	0	1	0	1	0
AOA_94	1	0	0	0	0	0	0	0	0	1	0	0	1	0	0	0	1	0	1	1	0	0	1	2	0	0	0	0	1	0	0	0	0	0	1	2
AOA_95	7	4	4	2	0	3	2	0	0	0	2	3	0	1	2	4	9	1	2	1	2	2	7	0	1	7	3	2	0	3	0	2	1	0	0	0
AOA_96	0	0	0	3	0	0	2	1	2	0	2	1	0	1	0	1	1	1	0	0	0	1	4	1	1	3	1	6	3	4	0	2	2	3	6	9
AOA_97	0	0	0	0	0	0	0	0	0	0	0	0	0	0	1	0	0	0	0	0	0	0	0	1	2	2	0	1	0	0	0	0	1	0	0	0
AOA_98	0	0	0	1	1	0	0	1	1	0	0	2	0	0	0	1	1	4	4	1	3	2	2	2	1	3	0	2	2	0	0	0	4	0	1	0
AOA_99	0	1	1	0	1	0	0	0	0	0	0	0	0	0	0	4	0	0	0	0	0	0	0	1	0	0	0	0	2	3	0	0	0	0	1	1
AOA_100	1	1	1	0	2	1	2	2	0	1	2	3	4	4	0	0	6	0	2	2	2	0	3	7	2	5	1	1	0	1	1	5	1	0	0	0
AOA_101	25	22	20	9	27	7	34	8	12	12	9	26	13	25	18	14	12	13	30	11	7	9	21	12	14	15	23	5	0	3	11	2	7	4	0	1
AOA_102	0	1	0	0	0	1	0	3	0	1	0	0	2	0	2	0	0	0	3	0	0	1	0	0	0	0	2	0	0	0	0	0	0	0	0	0
AOA_103	21	14	20	1	15	5	14	10	4	0	6	9	8	13	9	1	5	1	2	0	1	1	7	5	2	6	1	0	4	5	0	2	2	2	2	3
AOA_104	0	0	0	0	0	1	0	0	0	0	0	0	0	0	0	0	0	0	0	1	0	0	0	0	0	1	0	0	0	0	0	0	0	0	0	0
AOA_105	0	1	1	0	1	0	0	1	0	1	0	0	0	0	0	2	0	3	3	5	1	3	0	0	0	0	0	1	0	0	0	1	0	0	0	0
AOA_106	1	6	0	0	0	0	0	0	0	0	1	4	0	0	1	1	3	7	3	0	5	1	2	3	2	0	0	0	0	0	2	0	0	0	1	0
AOA_107	0	0	0	0	0	0	0	0	0	0	0	0	0	0	0	0	0	0	0	0	0	0	0	0	0	0	0	1	0	3	0	1	0	1	0	0
AOA_108	1	0	0	0	0	0	0	0	0	0	0	0	0	1	0	0	0	0	0	0	0	0	0	0	0	0	1	0	0	0	0	0	0	0	0	0
AOA_109	0	0	0	0	0	0	0	0	0	0	0	0	0	0	0	0	0	0	0	0	0	0	0	0	0	0	0	0	0	0	0	0	0	0	0	0
AOA_110	37	27	13	1	18	7	6	0	2	4	8	10	7	7	3	5	10	4	4	1	3	8	8	7	3	7	6	1	0	2	7	1	1	0	0	0
AOA_111	113	65	69	77	91	74	65	77	62	109	93	114	101	96	91	169	95	185	131	108	87	104	164	94	106	134	98	53	44	58	66	61	57	54	54	64
AOA_112	0	0	0	0	0	0	0	1	0	0	0	0	0	0	0	0	0	0	0	0	0	0	0	0	0	0	0	0	0	0	0	0	0	0	0	0
AOA_113	0	0	0	0	0	0	0	0	0	0	0	0	0	0	0	0	0	0	0	0	0	2	0	0	0	0	0	0	0	0	0	0	0	0	0	0
AOA_114	9	9	8	3	13	6	10	5	2	12	8	16	4	6	8	3	6	4	5	4	4	4	4	7	5	7	7	1	2	1	4	3	1	1	3	2
AOA_115	7	3	5	5	3	9	4	3	7	15	3	8	5	7	3	4	7	5	13	5	4	5	8	2	7	5	1	5	3	8	8	8	5	7	2	3
AOA_116	0	1	0	2	2	0	6	3	0	5	3	12	5	3	5	3	2	0	3	2	3	3	1	10	6	3	4	1	0	0	1	0	0	0	0	0
AOA_117	0	0	0	0	0	0	0	0	0	0	0	0	0	0	0	0	0	0	0	0	0	0	0	0	0	0	0	0	0	0	0	0	0	0	1	0
AOA_118	0	0	0	0	0	0	0	0	0	0	0	0	0	0	0	0	0	0	0	0	0	0	0	0	0	0	0	0	0	0	0	0	0	0	0	0
AOA_119	0	2	2	1	1	0	1	1	2	3	0	1	0	0	1	1	5	0	1	2	0	0	2	0	0	1	0	2	0	2	0	0	1	0	0	0
AOA_120	0	1	0	0	0	1	1	0	0	0	0	2	0	0	0	1	0	1	3	4	1	1	0	3	2	0	0	1	0	1	0	0	0	0	0	0
AOA_121	0	0	0	0	0	0	0	1	0	0	0	0	0	0	0	0	0	0	0	0	0	2	0	0	0	2	1	3	1	1	0	1	3	1	3	1
AOA_122	0	1	0	0	0	0	0	0	0	0	0	0	1	0	0	0	1	0	0	0	0	0	0	0	0	0	0	0	0	1	1	1	0	0	0	1
AOA_123	3	3	3	1	1	0	0	0	2	5	3	5	3	0	1	0	0	2	0	0	0	1	2	1	2	1	0	2	1	3	3	2	0	2	0	0
AOA_124	0	0	0	0	0	0	0	0	0	0	0	0	0	0	0	0	1	2	1	0	0	2	0	0	1	0	2	0	0	0	0	0	0	0	0	0
AOA_125	4	5	5	0	4	6	2	1	0	0	0	1	2	2	0	1	1	1	5	0	0	2	5	1	3	0	4	1	0	0	3	3	1	1	0	0
AOA_126	0	0	0	0	0	0	0	0	0	0	0	0	0	0	0	0	0	0	0	0	0	0	0	0	0	1	0	0	0	0	0	0	0	0	0	0
AOA_127	0	0	0	0	0	0	0	0	0	0	0	0	0	0	0	0	0	0	0	0	0	0	0	0	0	0	0	0	0	1	0	0	0	0	0	0
AOA_128	0	0	2	0	1	2	0	0	0	4	0	0	1	2	2	0	4	0	0	0	0	0	0	0	1	1	0	0	0	0	6	2	0	2	0	0
AOA_129	3	1	6	1	11	1	5	2	1	1	1	1	0	4	3	4	2	2	4	2	1	2	1	7	0	3	0	1	6	0	5	3	3	2	0	5
AOA_130	0	0	0	0	0	0	0	0	0	0	0	0	0	0	0	0	0	0	0	0	0	0	0	0	0	0	0	0	0	0	0	0	1	0	0	0
AOA_131	0	0	0	0	1	0	0	0	0	0	0	0	0	0	0	0	0	0	1	0	0	0	0	0	0	1	0	0	0	0	0	0	0	0	0	0
AOA_132	1	1	2	0	0	0	1	0	3	2	1	2	0	0	0	0	0	0	0	1	0	1	0	0	1	1	0	0	3	2	0	1	0	3	3	4
AOA_133	0	5	1	0	2	0	0	1	0	1	4	8	1	2	2	4	2	0	3	4	1	4	3	1	3	3	0	1	1	2	2	7	4	1	1	3
AOA_134	0	0	1	1	2	0	0	0	0	0	0	0	0	0	1	1	1	2	3	3	1	3	1	1	2	0	3	0	3	1	0	0	1	0	0	0
AOA_135	0	0	0	0	0	0	0	0	0	0	0	0	0	0	0	0	0	0	0	0	0	0	0	0	0	0	0	0	0	2	0	0	0	0	0	0
AOA_136	1	0	2	2	1	3	2	1	0	2	1	3	1	2	2	1	5	1	4	4	1	9	1	3	7	4	4	5	3	4	0	6	0	4	4	0
AOA_137	0	6	3	2	1	2	4	1	1	0	2	2	0	1	1	0	2	3	3	2	4	3	0	1	1	2	2	3	0	2	5	3	2	2	5	1
AOA_138	0	1	0	0	0	0	1	0	0	0	0	0	0	0	0	0	0	0	0	0	0	0	1	0	0	0	0	0	0	2	0	0	0	0	0	0
AOA_139	0	0	0	0	0	0	0	0	0	0	0	0	0	0	0	0	0	0	0	0	0	0	0	1	0	0	0	0	0	0	0	0	0	0	0	0
AOA_140	0	2	0	0	0	0	0	0	0	0	0	0	0	0	0	0	0	0	1	0	0	0	0	0	0	0	0	1	0	0	0	0	0	0	0	0
AOA_141	0	0	0	0	0	0	0	0	0	0	0	0	0	0	0	0	0	0	0	0	0	0	0	0	0	0	0	0	0	0	0	0	0	0	0	0
AOA_142	0	1	0	0	1	0	0	0	0	0	0	0	0	0	0	0	0	0	0	0	0	0	0	1	0	0	0	3	1	1	0	2	1	1	0	0
AOA_143	0	0	0	0	0	0	0	0	0	0	0	0	0	0	0	0	0	0	0	0	1	0	0	0	0	0	0	0	0	0	0	0	0	0	0	0
AOA_144	0	0	0	1	2	0	2	3	0	2	1	0	0	0	0	0	3	1	0	1	0	2	3	1	0	0	0	1	0	0	0	1	0	3	0	0
AOA_145	2	2	1	0	1	1	3	3	1	0	0	1	0	4	0	2	1	2	0	2	0	4	2	0	1	0	0	0	0	1	0	1	2	3	0	1
AOA_146	0	0	0	0	0	0	0	0	0	0	0	0	0	0	0	0	0	0	0	0	0	0	0	1	0	1	0	0	0	0	0	0	1	0	0	0
AOA_147	0	0	0	0	2	1	0	0	0	4	3	4	0	1	0	0	7	1	5	0	1	1	7	1	2	3	0	0	3	4	1	0	1	1	0	0
AOA_148	0	0	0	6	1	1	0	0	0	0	2	1	2	0	0	0	0	0	0	0	0	1	0	0	0	0	1	0	0	1	0	0	1	0	0	0
AOA_149	0	0	0	0	0	0	0	0	0	0	0	0	0	0	0	0	0	0	0	0	0	0	0	0	0	0	0	0	0	0	0	0	0	0	0	0
AOA_150	22	9	17	5	5	0	1	1	3	1	0	0	2	1	0	9	10	5	7	4	6	8	7	6	6	13	8	0	0	0	1	1	0	1	0	0
AOA_151	0	0	0	0	0	0	0	0	0	0	0	0	0	0	0	0	0	0	0	0	0	0	0	0	0	0	0	0	0	1	0	0	2	0	0	0
AOA_152	0	0	0	0	0	0	0	0	0	0	0	0	0	0	0	0	2	0	1	4	0	0	3	0	0	3	1	3	0	0	0	1	0	1	0	0
AOA_153	2	1	0	3	6	10	6	2	2	4	6	16	10	14	3	2	7	0	4	1	3	1	5	5	4	3	5	0	1	1	8	2	3	2	1	2
AOA_154	3	1	2	1	2	0	1	1	0	0	0	0	0	0	0	0	1	0	2	3	1	0	6	3	2	2	5	1	0	1	1	1	0	0	0	0
AOA_155	0	0	0	0	1	0	2	3	0	1	1	0	0	0	0	0	3	0	0	1	0	3	2	2	4	0	1	0	0	0	0	0	0	0	0	0
AOA_156	1	0	0	0	0	0	0	0	0	0	0	0	0	0	0	0	0	0	0	1	0	0	0	0	2	0	0	0	0	0	0	0	0	0	1	0
AOA_157	0	0	0	0	0	0	0	0	0	0	0	0	0	0	0	0	0	0	0	0	0	0	0	0	0	4	0	0	0	0	0	0	0	0	0	0
AOA_158	0	0	0	0	0	0	1	0	0	0	0	0	0	0	0	0	0	0	0	0	0	0	0	0	0	0	0	0	0	0	0	0	0	0	0	0
AOA_159	3	2	2	0	5	1	8	3	0	6	3	6	2	1	1	3	4	0	4	1	2	0	3	0	0	1	0	2	0	1	0	0	1	3	0	3
AOA_160	2	3	2	0	0	1	1	1	0	2	1	1	0	0	0	0	2	0	0	0	0	0	0	0	0	0	0	0	0	0	0	0	0	2	0	0
AOA_161	40	23	20	7	25	23	20	14	9	9	20	33	20	21	21	12	21	11	11	8	17	10	27	9	16	21	20	15	6	10	19	8	10	5	15	14
AOA_162	2	2	0	0	0	0	0	0	0	0	0	0	0	0	0	0	0	0	0	0	0	0	0	0	0	0	0	0	0	0	0	0	0	0	0	1
AOA_163	0	0	1	0	0	0	0	0	1	0	0	2	1	0	0	1	0	1	1	0	1	0	0	0	0	0	0	1	0	1	0	0	0	0	0	0
AOA_164	11	14	21	2	13	11	15	9	4	5	0	10	7	7	4	9	9	3	20	7	8	10	6	4	6	6	5	0	0	1	7	2	4	3	1	1
AOA_165	10	5	3	1	6	1	6	2	3	3	4	4	3	9	4	4	6	5	6	6	2	2	10	9	4	3	2	1	1	6	9	6	5	8	4	6
AOA_166	9	11	12	5	8	1	6	10	0	16	1	11	4	6	7	7	7	2	9	9	3	4	7	1	3	6	2	5	2	3	1	3	4	4	0	1
AOA_167	5	9	2	1	8	3	10	1	0	6	2	14	1	7	2	1	4	1	1	3	2	2	2	3	5	6	2	1	0	8	6	0	2	3	0	1
AOA_168	0	0	0	0	0	0	0	0	0	0	0	0	0	0	0	0	0	0	0	0	0	1	0	0	0	0	0	0	0	0	0	0	0	0	0	0
AOA_169	0	0	0	4	0	0	0	0	1	0	0	1	0	0	0	0	0	3	3	1	2	1	0	0	1	7	1	4	0	1	0	0	2	2	1	1
AOA_170	34	26	32	12	35	17	34	21	7	28	22	71	25	52	45	14	19	10	14	3	5	19	23	13	10	13	11	2	5	1	17	5	3	7	3	3
AOA_171	0	0	0	0	1	0	0	0	0	0	0	0	0	0	0	3	4	2	1	1	1	1	1	2	1	1	2	4	1	8	1	0	0	8	7	24
AOA_172	0	0	0	0	0	0	0	0	0	0	0	0	0	0	0	0	1	0	3	0	0	0	0	0	0	0	0	0	0	0	0	1	0	0	0	0
AOA_173	0	0	0	0	0	1	0	0	0	0	0	2	0	0	0	0	1	0	1	0	0	0	0	1	0	1	0	1	0	4	0	1	0	0	1	0
AOA_174	21	13	13	5	20	3	13	18	8	28	20	26	15	17	9	6	16	8	15	8	8	14	23	11	22	21	19	4	2	8	6	1	7	9	1	4
AOA_175	2	1	5	1	1	7	2	0	1	1	1	1	1	4	1	8	2	1	3	0	3	3	5	1	0	0	2	0	0	0	0	0	0	0	0	0
AOA_176	0	0	0	0	0	0	0	0	0	0	2	0	0	0	0	0	0	0	0	0	0	0	1	0	0	1	0	0	0	0	0	0	0	0	0	0
AOA_177	0	0	0	0	0	0	0	0	0	0	0	0	0	0	0	0	0	1	0	1	2	2	4	2	1	0	0	1	0	0	0	0	0	0	0	0
AOA_178	0	0	0	0	0	0	0	1	0	0	0	0	0	0	0	0	0	0	0	0	0	0	0	0	0	0	0	1	0	1	0	0	0	0	4	0
AOA_179	0	0	0	0	0	0	0	0	1	0	0	0	0	0	0	0	0	2	1	0	3	1	2	0	1	2	2	2	1	4	0	0	0	0	1	2
AOA_180	0	0	0	0	0	0	0	0	0	0	0	0	0	0	0	1	0	0	0	0	0	2	1	1	0	0	0	0	0	0	0	0	0	0	0	0
AOA_181	0	0	0	0	0	0	0	0	0	0	0	0	0	0	0	2	1	0	3	1	1	0	1	0	1	1	4	0	0	0	2	0	0	1	0	0
AOA_182	0	1	0	0	0	0	0	0	0	0	0	1	2	0	0	1	0	1	0	0	0	0	0	0	0	0	0	2	0	0	1	0	0	0	0	0
AOA_183	0	0	0	0	1	0	2	3	0	1	0	1	1	0	0	1	1	2	1	0	1	0	1	0	1	0	0	1	0	0	0	0	0	0	0	0
AOA_184	3	1	5	1	5	0	4	4	0	0	1	1	3	4	1	2	1	1	2	2	0	0	0	0	1	2	0	0	4	1	1	2	2	6	1	0
AOA_185	0	0	0	0	0	0	0	0	0	1	0	1	0	0	0	0	0	1	0	0	0	0	0	0	0	0	0	0	0	0	0	0	0	0	0	0
AOA_186	6	8	7	0	7	1	2	1	0	3	0	3	4	6	2	0	3	3	1	1	1	0	3	0	0	4	1	3	0	1	3	1	1	6	1	0
AOA_187	10	4	5	3	1	1	1	2	0	0	0	0	1	0	1	1	0	0	2	5	2	10	10	2	10	5	2	2	0	1	1	1	2	1	0	2
AOA_188	0	0	0	0	0	0	0	0	0	0	0	0	0	0	0	0	0	0	0	0	0	0	0	0	0	2	0	1	0	0	0	0	0	0	0	0
AOA_189	0	0	0	0	0	0	1	0	0	0	0	0	0	0	0	0	0	0	0	0	0	0	0	0	0	0	0	0	0	0	0	0	0	0	0	0
AOA_190	0	0	0	0	0	0	0	0	0	0	0	0	0	0	0	0	0	0	0	0	0	0	0	0	2	2	0	0	0	0	0	0	0	0	0	0
AOA_191	11	11	9	3	5	12	10	6	4	9	9	12	15	7	2	12	17	9	15	9	12	5	12	7	8	13	5	4	0	7	14	7	0	4	0	0
AOA_192	0	0	0	0	0	0	0	0	0	0	0	1	0	0	0	0	0	0	0	0	0	2	0	0	1	0	1	0	0	0	0	0	0	0	0	0
AOA_193	4	3	2	1	2	1	3	4	6	10	0	13	6	8	9	2	16	1	9	4	4	4	3	4	0	11	8	5	3	2	9	0	3	3	1	1
AOA_194	0	0	0	0	0	0	0	0	0	0	0	0	0	0	0	0	0	0	0	1	0	0	0	1	0	0	0	0	0	1	0	0	0	0	0	0
AOA_195	0	0	0	0	0	0	0	0	0	0	0	0	0	0	0	0	0	0	0	0	0	0	0	0	0	0	0	0	0	0	1	0	0	0	0	0
AOA_196	0	0	0	0	0	0	0	0	1	0	0	0	0	0	0	0	0	0	0	0	0	0	0	0	0	0	0	0	0	0	0	0	0	0	0	0
AOA_197	3	0	2	1	1	2	1	0	0	1	1	2	3	1	4	2	3	0	0	0	2	3	4	5	1	1	0	0	1	0	1	0	1	2	0	0
AOA_198	0	0	0	0	0	0	0	0	0	0	0	0	0	0	0	0	0	0	0	0	0	0	0	0	0	0	0	2	0	0	0	0	0	0	0	0
AOA_199	2	0	0	1	3	0	2	3	0	0	2	4	2	3	2	1	2	0	2	1	2	2	7	0	4	3	1	4	0	1	1	0	3	2	1	3
AOA_200	0	0	0	0	0	0	0	0	0	0	0	0	0	0	0	0	0	0	0	0	0	0	0	0	1	1	0	0	2	0	0	0	0	0	0	0
AOA_201	1	1	2	6	3	1	3	3	4	2	2	1	6	2	4	11	10	8	7	11	9	4	6	3	6	6	6	5	1	10	4	4	0	0	3	2
AOA_202	0	0	0	2	5	5	0	2	1	2	3	1	3	1	1	1	2	0	1	0	0	1	0	0	1	1	0	1	0	0	1	1	0	0	0	0
AOA_203	0	0	3	0	1	0	3	4	0	0	1	2	1	0	2	2	0	2	1	1	0	1	0	0	1	5	0	2	2	0	4	5	3	4	0	0
AOA_204	3	1	3	0	6	2	1	3	1	1	1	1	0	0	0	5	6	3	0	11	3	3	1	4	6	4	1	2	1	3	0	3	1	0	0	0
AOA_205	0	0	0	0	0	0	0	0	0	0	0	1	0	0	0	0	0	0	0	0	0	0	1	1	0	0	0	0	0	0	0	0	0	0	0	0
AOA_206	0	0	0	0	0	0	0	0	0	0	0	0	0	0	0	0	0	0	0	0	0	0	0	0	0	0	0	1	0	0	0	0	0	0	0	1
AOA_207	2	1	0	6	3	4	2	5	1	2	1	2	0	0	2	2	0	0	6	0	0	2	4	0	1	2	0	2	1	0	3	0	0	0	1	1
AOA_208	0	0	0	0	0	0	0	0	0	0	0	1	0	0	0	0	0	0	0	0	0	0	1	0	0	0	2	4	0	4	0	1	0	2	1	0
AOA_209	1	0	0	1	3	0	0	1	0	1	1	1	3	2	0	2	2	0	3	0	0	4	2	2	1	2	2	2	0	1	1	0	0	0	1	0
AOA_210	0	0	1	0	0	0	0	0	0	0	0	0	0	0	0	0	0	0	0	1	1	0	0	0	0	0	0	1	2	3	0	2	0	0	0	6
AOA_211	0	0	0	0	5	4	3	2	2	6	1	11	6	6	6	0	6	2	1	2	0	3	2	3	3	2	2	2	0	1	0	1	0	5	1	0
AOA_212	0	0	0	0	0	1	0	0	0	0	0	1	0	0	1	0	0	0	0	0	1	0	0	0	0	1	1	0	0	0	0	3	0	0	0	0
AOA_213	8	3	9	0	1	2	4	1	0	1	2	0	5	0	2	0	1	0	1	0	0	0	4	1	1	5	8	0	0	0	2	2	0	0	0	5
AOA_214	0	0	0	0	0	0	0	0	0	0	0	0	0	0	0	0	0	0	0	0	0	0	0	1	0	0	0	0	0	0	0	0	0	1	0	0
AOA_215	0	0	0	0	0	1	0	0	0	0	0	1	0	0	0	0	0	0	0	0	0	0	0	2	0	1	1	1	0	0	0	0	1	1	0	2
AOA_216	0	1	3	0	0	0	0	1	0	0	0	0	1	0	0	0	0	0	0	0	1	0	1	1	0	3	0	1	0	10	0	0	2	0	1	0
AOA_217	0	0	0	0	0	0	0	0	0	0	0	0	0	0	0	0	1	0	0	0	0	0	0	0	0	1	1	0	0	0	0	0	0	0	0	0
AOA_218	1	0	0	0	0	1	0	0	1	2	0	0	0	0	0	0	0	0	1	0	0	0	2	2	0	1	0	0	0	5	2	1	0	0	1	0
AOA_219	0	0	0	0	0	0	0	0	1	0	0	0	0	0	0	0	0	0	0	0	0	0	0	0	0	0	0	0	1	2	0	0	0	0	2	0
AOA_220	0	0	0	0	0	0	0	0	0	0	0	0	0	0	0	0	0	0	0	1	1	1	0	0	2	1	2	1	1	1	0	1	0	2	2	0
AOA_221	1	0	1	1	1	0	0	2	1	1	0	2	1	1	1	1	0	0	0	0	0	0	0	0	0	1	0	3	1	1	0	2	1	4	0	0
AOA_222	0	0	0	0	0	0	1	0	0	12	0	2	1	1	0	0	0	0	0	0	1	0	0	1	5	0	1	1	1	1	0	0	0	1	0	0
AOA_223	2	1	1	0	6	3	2	2	1	3	3	4	5	4	1	5	1	0	2	0	1	0	3	3	1	1	3	1	1	0	4	0	0	1	0	1
AOA_224	9	10	5	1	3	1	7	4	0	3	4	8	3	9	2	3	3	2	2	2	1	3	4	5	5	7	8	1	0	0	2	0	0	0	0	0
AOA_225	0	0	0	0	0	0	0	0	0	0	0	0	0	0	0	0	0	0	0	0	0	0	0	0	0	0	0	0	0	0	0	1	1	0	0	0
AOA_226	0	0	0	0	0	0	0	0	0	0	0	0	0	0	0	0	0	0	0	0	0	0	0	0	0	0	0	0	0	0	0	0	0	2	0	1
AOA_227	0	0	0	0	0	0	0	0	0	0	0	0	0	0	0	0	0	0	0	0	1	1	0	1	0	0	0	1	0	1	0	0	0	0	0	0
AOA_228	22	6	8	2	1	2	5	1	0	1	6	0	1	0	3	4	9	2	5	5	3	8	6	4	14	8	2	2	6	6	5	8	14	10	3	3
AOA_229	0	0	0	0	0	0	0	0	0	0	0	0	0	0	0	0	0	0	0	0	0	0	0	0	0	1	0	1	0	0	2	1	1	0	0	0
AOA_230	1	3	3	0	0	0	1	0	0	0	0	1	0	0	1	2	1	0	0	1	0	0	2	0	0	3	0	0	0	1	0	0	0	0	0	1
AOA_231	0	0	0	0	0	0	0	0	0	0	0	0	0	0	0	0	0	0	0	0	0	0	0	0	0	0	0	0	0	0	0	0	0	0	0	0
AOA_232	2	0	2	0	0	0	0	0	0	0	0	0	0	0	0	0	0	0	0	0	0	0	1	0	0	0	0	3	1	3	0	5	0	2	4	2
AOA_233	22	16	26	33	20	25	51	27	22	29	42	41	49	26	31	26	20	35	38	44	25	23	38	24	33	32	29	21	27	35	31	23	30	41	45	26
AOA_234	5	8	10	12	8	3	1	3	0	0	1	4	0	0	2	1	6	2	9	1	3	7	7	5	6	15	2	9	2	4	9	11	11	9	1	22
AOA_235	0	0	1	3	1	1	0	0	0	0	0	0	0	0	0	0	0	0	1	0	0	0	0	1	1	0	0	2	3	8	4	7	2	10	7	20
AOA_236	0	0	0	0	0	0	0	0	0	0	0	0	0	0	0	0	0	0	0	0	0	0	0	0	0	0	0	0	1	0	0	0	0	0	4	0
AOA_237	0	0	0	0	0	0	0	0	0	0	0	0	0	0	0	0	0	0	0	0	0	0	0	0	0	0	0	0	1	0	0	0	0	0	0	0
AOA_238	0	0	0	0	0	0	0	0	0	0	0	0	0	0	0	0	0	0	0	0	0	0	0	1	0	0	0	0	0	0	0	0	0	0	0	0
AOA_239	2	2	1	11	7	5	8	9	0	6	13	17	8	8	2	4	11	1	16	0	5	6	1	4	12	8	4	5	0	4	6	0	1	2	0	6
AOA_240	0	0	0	0	0	0	0	0	0	0	0	0	0	0	0	0	0	0	0	0	0	0	0	0	0	0	0	0	0	0	0	1	0	0	0	0
AOA_241	1	4	3	3	5	8	5	5	0	4	4	7	3	8	2	2	7	6	4	1	0	4	15	3	8	5	3	6	2	6	4	5	1	5	0	3
AOA_242	0	0	0	0	0	0	0	0	0	0	0	1	0	0	0	0	1	0	0	0	0	0	0	0	0	1	0	0	0	0	0	0	2	1	0	0
AOA_243	0	0	0	0	0	0	1	0	0	0	0	1	0	0	0	0	0	0	0	0	0	0	0	1	0	0	0	0	0	0	0	1	0	0	0	0
AOA_244	17	6	13	2	19	21	3	1	0	7	1	6	0	3	1	3	8	2	5	0	1	4	3	2	7	7	3	1	1	0	4	4	1	0	0	0
AOA_245	0	0	0	0	4	1	1	1	0	1	0	2	1	0	0	5	5	7	8	5	2	3	1	4	0	8	7	5	3	3	2	6	0	1	1	1
AOA_246	0	0	2	0	2	0	0	0	0	0	0	0	0	0	0	0	0	0	0	0	0	0	0	0	0	0	0	0	0	0	0	0	0	0	0	0
AOA_247	0	1	1	0	0	0	0	0	0	0	1	0	0	0	0	0	0	0	0	0	0	0	0	0	0	0	1	0	0	2	0	0	1	1	0	0
AOA_248	0	0	0	0	0	0	0	0	0	0	0	0	0	0	0	0	0	0	0	0	0	0	0	0	0	0	0	0	0	0	0	0	0	0	0	0
AOA_249	6	5	2	1	2	2	1	20	5	0	0	6	1	3	0	7	5	7	5	5	8	5	6	1	5	2	3	4	5	7	5	4	4	6	2	7
AOA_250	0	0	0	0	0	0	0	0	0	0	0	0	0	0	0	1	0	0	0	0	0	0	0	0	0	1	1	0	4	0	0	0	2	0	0	0
AOA_251	7	2	1	0	0	0	0	2	0	0	0	0	0	2	0	4	1	0	0	0	1	1	2	2	1	1	0	0	0	0	0	0	0	1	0	0
AOA_252	0	2	0	0	0	0	1	1	0	0	1	0	0	0	0	0	0	2	2	0	1	1	0	0	0	0	0	0	0	2	1	2	0	0	3	1
AOA_253	10	4	5	2	6	7	5	8	2	4	0	4	2	2	3	5	4	4	5	1	4	3	2	3	4	4	5	1	0	1	3	2	2	3	0	0
AOA_254	0	0	0	0	0	1	0	0	0	0	0	1	0	0	0	2	0	0	1	2	1	0	1	0	3	1	0	4	2	9	0	9	1	2	0	2
AOA_255	0	0	0	0	0	0	0	0	0	0	0	0	0	0	0	0	0	1	0	0	1	0	0	0	1	0	0	4	1	1	1	1	2	4	3	2
AOA_256	2	0	0	4	1	3	0	5	0	1	1	8	3	2	8	8	3	2	18	2	6	7	6	6	11	8	1	4	3	3	6	0	5	2	4	2
AOA_257	13	12	11	3	2	3	7	8	2	8	2	4	2	5	3	2	3	1	9	2	4	14	11	4	6	13	9	4	2	3	5	0	5	5	1	2
AOA_258	0	0	0	0	0	0	0	0	0	0	0	0	0	0	0	0	0	0	0	0	0	0	0	0	0	0	1	0	0	0	0	1	0	2	0	0
AOA_259	1	0	0	0	0	1	0	2	0	0	1	0	0	0	0	2	0	1	0	2	0	1	1	0	3	3	3	1	0	0	0	0	1	0	0	0
AOA_260	0	0	2	0	1	3	0	0	1	0	2	2	0	2	2	0	0	0	0	0	0	0	0	1	4	0	0	2	0	0	0	0	0	0	0	0
AOA_261	0	0	0	0	0	0	0	0	0	0	0	1	2	5	5	2	1	0	0	2	0	0	0	0	1	0	1	0	0	0	0	0	0	0	1	1
AOA_262	0	3	0	4	4	2	1	3	11	4	2	0	1	0	1	1	3	1	3	1	1	0	1	14	2	2	2	1	3	3	0	4	3	2	1	8
AOA_263	15	13	8	17	21	22	25	25	6	25	15	22	9	13	13	8	37	19	20	9	12	15	17	12	18	30	11	5	2	8	11	5	5	8	1	7
AOA_264	0	0	0	0	0	0	7	0	0	0	0	3	0	0	1	0	0	0	0	0	0	0	0	0	3	0	0	0	0	0	0	1	0	0	0	0
AOA_265	0	0	0	0	0	1	0	0	0	0	0	0	0	0	0	0	0	0	0	0	0	0	0	0	0	0	0	0	0	0	0	0	0	0	0	0
AOA_266	0	0	0	0	1	1	0	1	0	1	0	1	0	1	0	0	0	1	1	0	1	0	0	0	2	0	2	2	0	2	0	0	0	3	0	1
AOA_267	0	0	0	0	0	0	0	0	0	0	0	0	0	0	0	0	1	0	0	0	0	0	0	0	0	0	0	0	0	0	0	0	0	1	0	0
AOA_268	7	1	2	1	0	2	3	0	5	1	1	0	0	0	0	0	0	1	0	0	0	0	1	0	1	0	0	0	0	0	2	1	0	0	0	1
AOA_269	3	4	3	3	1	2	4	3	1	0	3	4	0	5	1	2	1	3	3	1	4	4	2	0	1	2	2	6	3	2	1	2	1	1	5	8
AOA_270	2	0	3	5	2	2	4	1	0	2	6	4	5	4	1	1	1	1	0	0	2	2	1	0	1	4	1	0	2	0	5	0	3	0	1	2
AOA_271	8	6	2	3	0	0	0	0	0	1	4	1	0	0	0	0	1	1	2	1	5	1	1	2	4	7	1	2	2	7	2	1	0	1	2	3
AOA_272	17	14	10	8	11	7	3	1	5	3	5	8	8	8	0	11	14	4	25	9	9	8	7	10	2	2	5	9	3	7	4	7	3	4	4	14
AOA_273	0	0	0	0	0	0	0	0	0	0	2	0	0	0	0	0	0	0	0	0	0	0	0	0	0	0	0	1	0	0	0	0	0	0	1	3
AOA_274	0	0	0	0	0	0	1	0	1	0	1	0	0	1	0	2	3	3	2	0	1	0	0	1	1	1	0	0	1	4	0	0	3	0	0	1
AOA_275	0	0	0	0	0	0	0	0	0	3	1	0	0	0	0	0	2	2	0	0	0	2	1	0	7	4	5	1	3	2	1	1	2	2	2	2
AOA_276	1	2	2	0	2	2	0	2	0	2	1	0	1	2	0	0	2	0	1	0	1	0	0	0	1	1	1	1	0	1	3	3	2	2	2	0
AOA_277	1	0	0	0	1	0	1	0	0	4	2	1	0	0	0	2	8	6	5	3	6	5	7	2	3	2	1	7	2	0	3	9	7	0	2	2
AOA_278	55	50	43	8	32	21	20	15	5	14	27	22	11	20	18	17	33	14	29	21	14	26	22	25	20	36	29	3	5	13	21	8	6	8	8	6
AOA_279	1	0	0	0	2	3	0	3	1	0	0	0	0	0	0	0	0	1	0	0	2	0	4	1	0	0	0	0	0	0	2	1	0	0	0	0
AOA_280	0	0	0	0	1	0	0	0	0	0	0	0	0	0	0	0	0	0	0	0	0	0	0	0	0	0	0	0	0	0	0	0	0	0	0	0
AOA_281	26	29	18	2	15	8	20	12	1	11	7	21	15	19	10	2	16	1	14	4	1	2	11	4	13	10	4	6	0	9	12	7	7	14	4	8
AOA_282	1	1	1	3	13	1	7	14	3	9	2	6	5	12	7	1	3	4	6	4	2	3	6	3	2	0	1	1	1	5	2	1	0	2	2	0
AOA_283	0	0	0	0	0	0	0	0	0	0	0	0	0	0	0	0	0	0	0	0	0	0	0	0	0	0	0	0	0	0	0	0	0	0	0	0
AOA_284	0	0	0	0	0	0	0	1	0	0	1	2	0	0	0	0	0	0	3	0	1	1	1	0	0	0	0	2	0	2	0	5	1	0	1	4
AOA_285	0	0	0	2	0	0	0	0	0	0	0	0	0	0	0	0	0	0	0	1	0	0	0	0	0	0	0	0	0	0	0	0	0	0	0	0
AOA_286	6	2	5	2	1	0	0	0	0	1	3	2	1	2	1	2	1	1	3	0	0	2	0	1	0	2	1	3	0	4	0	0	2	0	1	2
AOA_287	10	8	7	7	3	5	3	7	1	2	3	2	4	1	3	2	2	3	5	3	1	6	6	9	2	2	4	2	1	1	0	0	1	0	1	10
AOA_288	0	1	0	0	0	0	0	0	1	0	0	0	0	0	0	0	0	0	0	0	0	0	0	0	1	1	1	1	0	0	0	0	0	1	1	0
AOA_289	0	0	0	0	0	0	0	0	0	0	0	0	0	0	0	0	0	0	0	0	0	0	10	1	3	0	0	0	0	69	0	0	0	0	0	0
AOA_290	0	3	1	2	1	5	3	3	0	7	3	2	3	0	3	2	3	0	0	1	0	2	0	0	2	2	5	5	7	9	2	5	1	0	5	2
AOA_291	0	0	0	0	0	0	3	0	0	1	2	3	0	0	0	0	0	0	0	0	0	0	1	0	0	0	1	0	0	1	0	2	2	0	0	0
AOA_292	0	0	0	0	0	0	0	0	0	0	0	0	0	0	0	0	0	0	0	0	0	0	0	0	0	0	1	0	1	3	0	5	0	0	0	0
AOA_293	0	0	0	0	0	0	0	0	0	0	0	0	3	0	0	0	0	0	0	0	0	2	1	0	6	0	0	0	1	2	1	0	1	0	0	3
AOA_294	2	4	8	11	30	8	5	5	44	4	6	10	9	4	13	13	6	15	7	5	9	20	7	32	8	8	11	8	10	7	2	5	4	6	5	5
AOA_295	0	0	0	0	0	0	0	1	0	0	0	0	1	0	0	0	0	0	0	0	0	1	0	0	0	0	0	0	0	0	0	0	0	0	0	0
AOA_296	0	0	4	1	3	0	1	0	0	0	0	2	1	0	1	0	0	0	0	2	0	0	0	0	1	0	1	0	1	1	0	0	0	0	0	0
AOA_297	17	17	24	6	12	13	20	12	5	19	17	41	16	29	22	8	28	10	20	4	11	15	30	9	12	17	4	5	4	12	17	4	16	18	7	10
AOA_298	3	7	7	2	10	4	5	3	0	1	0	6	6	9	6	1	5	1	3	3	0	2	2	1	3	3	3	0	0	2	1	1	3	3	1	1
AOA_299	0	1	0	0	4	2	0	0	0	0	0	0	0	0	0	0	0	0	0	0	3	2	0	0	0	0	0	0	0	0	0	0	0	1	0	0
AOA_300	0	0	0	0	0	0	0	0	0	0	0	0	0	0	0	0	0	0	0	0	0	0	0	0	0	0	0	0	0	0	0	0	0	0	0	0
AOA_301	0	0	0	0	0	0	0	0	0	1	0	1	0	0	0	0	1	0	0	1	0	0	0	0	0	0	0	1	0	4	0	3	0	1	0	2
AOA_302	0	0	0	1	0	2	0	0	0	0	0	0	1	1	0	0	0	0	0	0	0	2	3	1	0	0	0	0	0	1	1	0	0	2	0	2
AOA_303	0	0	0	0	0	0	0	0	0	0	0	0	0	0	0	0	0	1	0	0	0	0	0	0	0	0	0	0	0	0	0	2	0	0	0	0
AOA_304	8	5	14	12	15	12	18	17	4	13	10	40	10	28	8	15	5	16	12	10	8	10	18	7	15	18	20	9	6	9	6	5	5	18	3	10
AOA_305	1	8	3	2	2	2	0	1	0	0	0	1	0	0	0	3	5	6	3	1	5	5	2	2	2	10	5	3	1	2	0	1	1	3	3	0
AOA_306	0	0	0	0	0	0	0	0	0	0	0	0	0	0	0	0	0	0	0	0	0	0	0	0	1	1	0	2	1	1	0	0	0	0	0	0
AOA_307	2	3	7	1	6	3	3	8	4	9	2	4	10	8	11	4	7	8	12	8	5	9	5	12	4	2	6	2	3	3	7	1	3	6	5	11
AOA_308	0	0	0	1	1	0	0	2	0	0	0	0	0	0	0	0	0	0	2	0	1	0	0	0	0	2	0	0	0	6	0	0	0	26	6	27
AOA_309	21	19	17	6	22	15	27	12	0	12	11	28	21	36	18	11	14	3	5	5	3	5	13	4	15	9	6	6	2	5	13	6	7	8	2	5
AOA_310	3	3	3	1	2	0	1	1	0	1	2	0	1	0	0	0	0	2	3	5	3	0	3	1	2	1	11	0	0	0	1	3	1	0	1	1
AOA_311	0	1	5	0	2	0	0	0	0	0	0	0	0	0	0	0	0	0	0	0	0	1	1	0	2	3	1	0	0	0	0	0	0	4	0	0
AOA_312	0	0	0	0	0	0	0	0	0	0	0	0	0	0	0	0	0	0	0	0	0	0	0	0	0	0	0	0	0	0	0	0	0	0	0	0
AOA_313	0	0	0	0	0	0	2	0	0	0	0	0	0	0	0	0	0	0	0	0	0	0	1	1	3	4	0	0	0	0	0	1	0	0	0	0
AOA_314	0	0	0	0	1	0	2	1	0	2	3	0	0	0	0	0	0	0	2	0	1	5	2	0	0	2	1	1	1	4	0	1	0	6	1	1
AOA_315	7	13	11	4	6	4	9	7	4	2	3	9	10	17	9	0	5	2	5	1	5	2	2	5	2	4	1	8	2	3	6	3	4	11	6	21
AOA_316	0	0	0	0	0	0	0	0	1	0	0	0	0	0	0	0	0	0	0	0	0	0	0	0	3	2	0	0	0	0	0	0	0	0	0	0
AOA_317	0	0	0	1	0	0	0	0	0	0	0	0	2	0	0	0	0	0	0	0	0	1	0	0	0	3	1	1	0	2	0	1	3	4	1	3
AOA_318	0	1	0	3	0	1	2	5	1	4	1	1	1	1	0	0	0	0	4	10	2	1	5	1	7	6	2	2	1	1	0	2	2	2	0	0
AOA_319	0	0	0	0	0	0	0	0	0	0	0	0	2	0	0	0	0	0	0	0	0	0	0	0	0	2	0	0	1	6	0	2	1	1	1	0
AOA_320	15	7	13	2	16	3	7	9	2	8	10	9	10	6	11	1	6	0	4	8	6	2	11	9	2	1	2	2	2	3	3	5	4	7	8	6
AOA_321	0	0	0	0	0	0	0	0	0	0	0	0	0	0	0	0	0	0	0	0	0	0	0	1	0	0	0	1	4	8	1	4	1	0	1	2
AOA_322	1	3	0	0	0	1	0	0	0	0	1	0	0	0	1	1	0	0	0	6	4	0	4	0	3	4	1	2	2	0	2	1	0	0	0	0
AOA_323	0	0	0	0	0	0	0	0	0	0	0	0	0	0	0	0	0	0	0	0	0	0	0	0	0	0	0	0	0	1	0	0	0	0	0	0
AOA_324	0	6	2	1	1	1	0	1	0	0	0	0	0	0	0	1	1	0	1	1	0	2	1	1	2	4	0	0	0	1	0	2	0	1	0	0
AOA_325	0	0	0	0	0	0	0	0	0	0	0	0	0	0	0	0	0	0	0	0	0	0	0	0	0	0	0	0	0	0	0	0	0	0	0	0
AOA_326	0	1	1	1	2	2	6	2	4	3	1	8	4	3	1	5	2	3	7	6	1	4	3	0	0	4	1	1	1	2	0	1	0	1	0	0
AOA_327	0	0	0	0	0	0	0	0	0	0	0	1	0	0	0	0	0	0	0	0	0	0	0	0	0	0	0	0	0	0	0	0	0	0	0	0
AOA_328	18	16	15	5	16	6	10	9	4	10	6	10	10	17	13	6	11	3	12	2	10	8	10	8	11	11	10	7	1	1	13	2	5	2	2	3
AOA_329	3	1	3	1	5	2	4	0	2	5	2	10	8	4	10	2	0	0	4	2	4	3	2	0	2	3	2	1	2	4	2	1	0	0	0	0
AOA_330	0	1	1	0	5	1	0	2	2	3	4	9	6	4	1	4	3	5	9	2	10	8	11	4	6	7	7	0	0	0	0	0	3	2	1	1
AOA_331	69	65	47	58	50	56	62	38	39	85	44	90	62	59	59	92	52	79	63	41	65	77	97	36	51	79	53	46	51	44	58	45	36	46	29	27
AOA_332	0	1	2	1	1	7	0	1	0	2	0	0	2	2	2	2	0	2	4	1	2	2	3	8	2	3	2	4	1	0	0	1	2	19	4	9
AOA_333	0	1	0	0	0	0	0	1	0	0	0	1	0	0	0	0	0	0	0	0	0	0	0	0	0	0	1	0	1	1	0	0	0	0	0	0
AOA_334	22	14	9	5	13	9	9	10	2	4	9	16	3	2	5	16	6	12	17	16	18	8	9	14	11	22	16	1	1	2	9	3	2	1	1	1
AOA_335	1	0	0	0	0	0	2	1	0	1	1	0	0	0	0	0	1	0	0	0	0	0	0	1	0	0	0	0	0	0	0	0	0	0	1	2
AOA_336	374	386	390	320	393	365	290	265	368	236	228	293	300	346	360	286	290	259	335	280	228	310	438	302	294	303	284	161	122	120	231	135	161	149	115	119
AOA_337	6	1	0	4	4	3	1	0	0	0	1	4	0	2	1	1	2	6	2	1	0	0	8	0	4	3	2	1	0	1	0	1	0	1	1	0
AOA_338	2	2	4	2	6	8	7	10	5	4	3	10	8	7	2	2	5	4	5	8	7	7	10	2	3	4	2	0	1	4	0	3	3	6	5	5
AOA_339	0	0	0	0	0	0	0	0	0	0	1	0	1	2	0	0	0	0	1	0	1	1	2	0	0	2	0	0	1	0	0	0	0	0	0	0
AOA_340	28	14	28	4	17	14	27	16	10	6	9	28	5	4	5	9	13	12	11	12	12	6	8	10	14	12	15	4	2	4	9	7	7	10	3	4
AOA_341	0	0	5	1	10	7	1	1	1	0	0	1	1	2	1	0	2	4	1	2	3	2	0	1	3	1	0	5	1	0	1	0	0	5	1	3
AOA_342	0	0	0	0	0	2	0	2	4	0	0	2	1	2	1	0	1	1	1	0	2	2	5	0	1	6	0	3	1	2	0	0	0	1	0	0
AOA_343	2	0	0	1	1	5	2	1	2	3	7	7	6	6	11	0	4	1	0	0	0	2	3	1	5	5	1	4	3	3	1	0	0	8	2	1
AOA_344	0	0	0	0	0	0	0	1	0	0	0	0	0	0	0	1	0	0	1	0	0	0	0	0	0	2	1	0	0	0	0	0	0	0	0	0
AOA_345	21	19	21	10	25	20	30	9	9	18	23	24	18	18	10	8	22	27	12	22	18	18	21	30	16	31	22	11	8	11	15	24	14	10	5	17
AOA_346	0	1	0	0	0	0	0	2	0	1	0	1	1	1	1	0	2	1	1	0	1	1	2	1	1	3	1	0	0	1	1	0	0	0	0	4
AOA_347	1	0	0	0	0	0	0	0	0	0	0	0	0	0	0	0	0	0	0	0	0	0	0	0	0	1	0	3	1	1	0	2	1	1	3	4
AOA_348	0	0	0	0	0	0	1	1	0	0	0	1	0	0	0	0	0	0	0	0	0	0	2	0	0	0	0	0	0	0	5	4	4	0	0	0
AOA_349	0	0	1	0	2	2	0	0	0	2	0	1	0	0	0	2	4	2	9	3	5	1	0	2	2	7	2	3	0	2	1	0	0	0	0	0
AOA_350	30	18	20	6	20	5	21	5	2	15	18	29	30	35	22	7	16	3	16	6	15	16	19	10	15	13	14	7	1	13	13	10	6	26	2	9
AOA_351	5	2	0	4	4	1	2	5	2	1	1	6	0	2	3	1	3	1	7	2	6	7	6	13	10	10	3	7	5	7	6	5	2	8	6	13
AOA_352	26	12	25	4	7	6	17	11	2	10	8	24	9	23	6	6	7	8	6	5	2	11	15	6	13	19	9	10	4	10	19	12	8	10	7	10
AOA_353	0	0	0	0	0	0	0	0	0	0	0	0	0	0	0	0	0	0	0	0	0	0	0	0	0	1	0	0	1	2	0	0	0	0	0	1
AOA_354	0	0	0	0	0	4	0	3	1	4	1	4	4	3	2	3	1	1	4	2	2	1	2	0	0	2	3	0	0	0	2	2	1	0	0	0
AOA_355	0	0	0	0	0	0	0	0	0	0	0	0	0	0	0	0	0	0	0	1	0	0	0	0	0	0	0	0	0	0	0	0	0	0	0	0
AOA_356	1	0	1	0	0	0	1	1	0	0	1	0	2	1	2	0	1	0	0	0	1	0	0	0	0	1	0	0	0	1	1	0	0	0	0	0
AOA_357	0	0	0	0	0	0	0	0	0	0	0	0	0	0	0	0	0	0	0	0	0	0	0	0	0	0	0	0	0	0	0	0	0	0	0	0
AOA_358	0	1	0	1	0	3	1	1	0	0	2	1	0	2	0	2	2	6	0	2	3	1	6	3	1	1	2	2	1	1	0	0	2	1	1	1
AOA_359	0	0	0	0	0	0	0	0	0	0	0	0	0	0	0	0	0	0	0	0	0	0	0	0	0	0	0	0	0	0	0	0	0	0	0	0
AOA_360	32	36	28	7	10	6	8	6	6	8	10	8	8	10	9	3	10	10	11	4	8	14	14	4	5	13	13	8	0	4	5	4	3	0	2	1
AOA_361	32	26	40	3	16	13	15	17	3	4	4	19	15	20	17	5	7	3	6	0	4	1	5	6	5	10	9	0	0	0	4	0	4	0	0	0
AOA_362	8	2	11	0	8	3	8	1	0	3	0	9	7	9	8	1	7	2	2	4	0	1	2	5	1	4	6	0	0	1	3	1	3	0	1	1
AOA_363	29	26	28	11	17	16	13	7	2	10	5	13	4	8	12	15	18	14	19	9	12	21	14	31	12	20	18	4	2	4	5	6	1	2	2	4
AOA_364	0	0	0	0	0	0	0	0	0	0	0	0	0	0	0	0	0	0	0	0	0	0	0	0	0	0	0	0	0	0	0	0	0	0	1	0
AOA_365	0	0	0	0	1	0	0	0	0	0	0	0	0	0	0	0	0	0	0	0	0	0	0	0	0	0	0	0	0	0	0	0	0	0	0	0
AOA_366	0	0	0	0	0	0	0	0	0	0	0	0	0	0	0	1	0	0	0	1	0	1	0	0	0	0	1	0	0	0	1	0	2	1	0	0
AOA_367	0	0	0	0	0	0	3	0	0	0	0	0	2	0	0	0	0	2	0	2	0	1	0	0	0	1	0	0	1	2	0	0	0	0	0	0
AOA_368	0	0	0	0	0	0	0	0	0	0	0	0	0	0	0	0	0	0	0	0	0	0	0	0	0	0	1	0	0	0	0	2	0	0	0	0
AOA_369	24	39	24	23	30	31	33	36	16	24	29	34	51	29	26	20	28	25	43	24	29	23	37	29	26	27	31	12	20	14	35	7	19	23	12	11
AOA_370	0	0	0	0	0	1	0	0	0	0	0	0	0	0	0	0	0	2	0	0	0	1	2	0	1	3	0	2	0	1	2	1	0	0	0	0
AOA_371	20	17	16	3	11	4	4	1	0	4	5	8	9	18	4	6	0	2	2	4	2	0	3	2	1	2	2	2	1	4	4	3	3	3	2	1
AOA_372	0	0	2	1	0	0	0	1	0	7	0	2	0	1	0	0	1	4	1	0	0	0	0	0	1	2	1	0	0	0	1	1	2	1	1	3
AOA_373	0	0	0	0	0	0	0	0	0	0	0	0	0	0	0	0	0	0	0	0	0	0	0	0	0	0	0	0	0	0	0	0	0	0	0	0
AOA_374	0	0	0	0	0	0	0	0	1	0	0	0	0	0	0	0	0	0	0	0	0	0	0	0	0	0	1	0	0	0	0	0	0	0	0	0
AOA_375	0	0	0	0	0	0	0	0	0	0	0	1	0	0	0	0	0	0	0	0	0	0	0	0	0	0	0	0	0	0	0	0	0	0	0	1
AOA_376	0	0	0	0	0	0	0	0	0	0	0	0	0	0	0	0	0	0	0	0	0	0	0	0	0	0	0	0	0	0	0	0	0	0	2	0
AOA_377	16	10	13	9	13	7	7	9	0	6	2	3	3	2	5	10	11	10	6	3	1	10	3	4	8	9	3	2	0	2	7	4	6	0	0	1
AOA_378	0	0	1	3	9	3	0	4	7	4	3	6	2	7	5	2	2	1	5	1	0	8	6	5	4	3	0	8	1	6	4	6	5	3	1	5
AOA_379	42	34	51	21	42	19	23	6	7	22	13	37	19	33	19	23	31	13	26	18	8	20	20	18	30	46	14	4	4	5	25	9	8	16	5	4
AOA_380	0	0	0	0	0	0	0	0	0	0	0	0	0	0	0	0	0	0	0	0	0	0	0	0	0	0	0	0	0	3	0	0	0	1	0	0
AOA_381	5	0	1	2	4	1	3	1	3	0	1	4	3	2	3	8	2	3	1	0	2	0	1	4	0	3	2	0	5	7	2	2	3	2	1	2
AOA_382	0	0	0	0	0	0	0	0	0	0	0	0	0	0	0	0	0	0	0	0	0	0	0	0	0	0	0	0	0	0	0	0	0	0	0	0
AOA_383	0	0	0	2	1	5	7	3	1	7	7	3	7	11	3	1	4	0	7	0	1	0	2	1	3	11	2	2	5	10	2	5	7	2	2	2
AOA_384	0	0	0	0	6	2	9	3	1	1	1	4	3	5	0	0	1	1	1	1	3	1	0	1	1	4	1	1	0	0	1	0	0	0	1	3
AOA_385	0	0	0	0	1	0	0	0	0	1	0	0	1	0	1	2	2	1	2	0	1	0	3	0	0	0	0	0	0	0	0	0	0	2	0	1
AOA_386	15	11	11	2	11	7	2	1	2	3	3	5	0	0	2	19	14	8	9	8	2	4	5	3	6	13	4	3	0	2	1	3	2	1	1	1
AOA_387	1	1	3	1	0	0	2	0	0	0	0	0	0	0	0	0	0	0	0	1	0	0	1	0	0	0	0	1	0	0	0	0	0	0	0	0
AOA_388	0	0	0	0	0	0	0	0	0	0	0	0	0	0	0	0	0	0	2	1	0	0	0	0	0	1	0	0	0	0	0	0	0	0	0	0
AOA_389	0	0	0	0	0	0	0	1	0	0	0	0	0	0	2	1	0	0	1	0	0	0	1	0	1	0	0	1	0	3	0	0	0	0	0	0
AOA_390	0	0	1	1	0	1	0	0	0	7	4	0	2	0	0	0	0	0	2	0	5	0	2	0	0	1	0	0	1	1	2	1	0	0	0	1
AOA_391	0	0	0	0	0	0	0	3	0	0	1	1	1	1	0	1	0	0	5	0	0	0	1	0	0	0	0	0	0	0	0	0	0	0	0	0
AOA_392	0	0	0	0	1	0	0	0	0	0	0	0	0	0	0	0	0	0	0	0	0	0	1	1	0	0	2	1	0	0	0	0	0	0	0	0
AOA_393	5	0	0	0	0	2	0	0	0	2	0	0	0	0	0	2	0	1	0	0	3	1	2	1	1	2	0	6	0	0	0	6	3	4	4	7
AOA_394	0	0	0	0	0	0	0	0	0	0	0	0	0	0	0	0	0	0	0	0	0	0	1	0	0	0	0	4	0	3	0	1	2	3	1	4
AOA_395	11	7	2	9	5	7	2	3	0	6	8	13	6	1	2	2	9	1	13	1	1	11	6	2	9	7	8	11	6	11	4	3	2	20	8	17
AOA_396	0	0	0	0	0	0	0	0	0	0	0	0	0	0	0	0	0	0	0	0	0	0	0	0	0	0	0	0	0	0	0	0	0	0	0	0
AOA_397	2	2	0	0	0	0	2	0	0	2	1	0	0	1	0	0	0	1	1	0	0	3	0	0	0	1	0	2	0	0	0	0	1	2	0	0
AOA_398	10	9	9	3	13	8	4	3	7	2	2	1	7	11	6	6	2	4	6	6	1	5	8	5	10	8	3	8	5	5	9	3	1	3	7	4
AOA_399	0	0	0	0	0	0	0	0	0	0	0	0	0	0	0	0	0	1	0	0	0	0	0	0	0	1	0	0	0	0	0	0	0	0	0	0
AOA_400	2	1	0	0	0	0	0	0	0	0	0	1	0	0	0	0	0	0	0	0	0	0	0	0	0	0	0	1	0	0	0	0	0	0	0	0
AOA_401	9	12	8	3	9	6	9	4	6	6	3	14	5	17	10	4	6	3	8	2	4	5	9	3	3	5	5	0	4	0	5	0	3	1	1	6
AOA_402	22	13	18	2	9	5	10	5	0	3	8	19	8	13	12	0	2	1	2	2	2	3	7	6	5	6	3	1	0	0	7	3	1	3	4	5
AOA_403	0	0	0	3	0	1	1	0	0	0	0	0	0	2	0	2	1	1	5	2	3	0	2	2	4	6	1	3	1	2	0	1	2	0	0	0
AOA_404	0	0	0	0	0	0	0	0	0	0	0	0	0	0	0	0	0	0	0	0	0	0	0	0	1	0	0	0	0	0	0	1	0	0	0	1
AOA_405	22	20	22	8	14	9	23	10	3	9	11	20	2	11	4	8	7	9	7	7	4	9	2	4	16	9	15	2	1	6	13	7	4	1	0	0
AOA_406	0	0	0	0	0	0	0	0	0	0	1	0	0	0	0	0	1	0	0	0	0	0	0	2	0	1	0	3	0	11	1	0	0	0	4	0
AOA_407	3	5	3	6	7	7	3	5	5	3	4	4	4	6	3	4	6	6	4	5	3	3	4	5	5	6	6	3	4	5	2	4	1	7	5	4
AOA_408	12	7	6	1	1	4	8	2	0	4	2	17	3	3	1	4	10	1	4	1	0	5	2	4	1	2	0	1	0	0	2	0	0	0	0	0
AOA_409	5	3	3	1	6	0	5	1	0	3	2	3	6	12	6	3	2	3	2	1	1	4	3	0	3	4	1	3	2	1	6	1	2	2	0	2
AOA_410	27	27	26	0	12	7	16	2	1	6	10	21	8	25	14	5	6	6	7	5	0	3	10	3	1	2	6	0	1	1	12	0	0	0	0	0
AOA_411	3	0	3	1	3	0	2	5	2	0	3	2	0	0	2	0	5	2	5	2	1	2	0	0	1	1	1	5	2	4	3	9	3	4	8	13
AOA_412	5	1	2	2	5	1	4	1	6	13	5	6	12	7	7	6	6	0	5	3	2	4	4	4	4	6	2	2	0	4	2	1	2	7	4	4
AOA_413	0	0	0	0	0	0	0	0	0	0	0	0	0	0	0	0	0	0	0	0	0	0	0	0	0	0	1	0	0	0	0	0	0	0	0	0
AOA_414	0	0	1	4	0	5	8	5	1	6	6	9	0	6	5	3	3	5	4	3	4	6	13	2	4	12	6	1	2	5	4	3	1	6	0	3
AOA_415	0	0	0	0	0	0	0	0	0	0	0	0	0	0	0	0	0	0	0	0	0	0	0	0	0	0	0	0	0	0	0	0	0	0	0	0
AOA_416	19	14	18	7	27	8	16	15	5	10	5	27	13	15	12	11	16	10	10	7	9	15	14	5	12	15	11	1	5	2	15	3	3	1	0	0
AOA_417	3	1	3	5	4	5	4	7	1	1	1	3	0	0	0	1	1	1	0	7	0	1	4	1	0	1	0	1	0	2	0	2	1	0	2	1
AOA_418	1	1	3	6	2	2	7	4	1	31	4	7	4	2	0	3	5	2	19	9	5	9	10	3	3	4	10	0	1	7	0	10	4	12	1	9
AOA_419	0	0	0	0	0	0	0	0	0	0	0	0	0	0	0	0	0	0	0	0	0	0	2	0	0	0	0	0	1	1	1	2	0	0	0	0
AOA_420	4	2	5	1	1	0	2	2	0	0	0	2	3	1	2	0	3	2	2	0	1	4	0	0	1	0	2	0	0	0	1	1	0	0	0	1
AOA_421	0	0	0	2	0	0	0	0	0	0	0	0	0	0	0	0	0	0	0	0	0	0	0	1	0	0	0	0	0	0	0	2	0	0	0	0
AOA_422	0	0	0	0	0	0	0	1	0	0	0	0	0	0	0	0	0	0	0	0	0	0	0	0	0	0	0	0	0	0	0	0	1	0	0	1
AOA_423	0	0	0	0	0	0	0	0	0	0	0	0	0	0	0	0	0	0	0	0	0	0	0	0	0	0	0	0	0	1	0	1	0	0	0	0
AOA_424	0	0	0	0	0	0	0	0	0	0	0	0	0	0	0	0	0	0	0	0	0	0	0	0	0	0	0	1	0	0	0	0	0	0	0	0
AOA_425	0	0	0	0	0	0	0	0	0	0	0	0	0	0	0	0	0	0	0	0	0	0	0	0	0	1	0	0	0	0	0	0	0	1	0	0
AOA_426	0	0	0	0	2	0	0	0	0	0	0	0	0	0	0	0	0	0	0	0	1	2	1	2	0	0	0	0	0	4	2	1	0	0	0	0
AOA_427	3	2	3	2	0	3	1	9	0	5	0	2	0	1	3	1	6	5	2	2	4	3	1	1	2	1	1	0	0	0	1	0	0	1	0	0
AOA_428	0	0	0	0	0	3	2	3	6	3	2	0	0	0	3	6	3	5	0	1	3	11	3	1	3	2	1	2	1	3	1	0	0	1	0	1
AOA_429	0	0	0	0	0	0	0	0	0	0	0	0	0	0	0	0	0	0	0	0	0	0	0	0	0	0	0	0	0	0	0	0	0	0	0	0
AOA_430	3	1	0	0	0	0	1	1	0	0	1	0	2	2	1	1	4	0	1	0	0	0	0	1	0	0	0	2	0	0	0	0	0	0	1	0
AOA_431	0	0	0	0	0	0	0	0	0	0	0	0	0	0	0	0	0	0	0	0	0	0	0	0	1	0	0	0	0	0	0	0	0	0	0	0
AOA_432	0	0	0	0	0	0	0	0	0	0	0	0	1	0	0	0	0	0	2	0	1	0	1	0	1	0	0	0	0	0	1	0	0	0	0	0
AOA_433	13	12	11	0	9	5	5	6	4	3	3	8	12	22	2	5	3	3	5	3	4	7	8	3	4	4	3	1	0	1	6	2	1	0	1	0
AOA_434	2	2	4	2	7	9	9	2	4	5	4	9	4	1	3	0	0	0	4	3	2	2	8	2	5	14	5	2	0	1	8	2	0	1	0	0
AOA_435	2	1	0	1	4	2	1	3	0	3	2	1	0	0	0	0	0	0	1	3	0	2	5	2	4	6	3	0	0	0	1	1	0	0	0	2
AOA_436	0	0	0	0	0	0	0	0	0	0	0	0	0	0	0	0	0	0	0	0	0	0	0	0	0	0	0	1	0	0	0	1	0	0	0	0
AOA_437	0	0	0	0	0	0	0	0	0	0	0	1	0	0	0	0	0	0	0	0	0	0	0	0	1	1	1	0	0	0	0	0	0	0	0	0
AOA_438	0	0	3	1	1	1	6	1	0	8	2	2	2	4	7	0	2	1	1	2	1	2	1	1	3	4	0	1	1	5	0	0	2	1	3	0
AOA_439	0	0	0	0	0	0	0	0	0	0	0	0	0	0	0	0	0	0	0	0	0	0	0	0	0	0	0	1	0	1	0	0	0	0	0	0
AOA_440	2	2	4	2	10	7	5	2	2	0	1	1	0	1	3	4	3	3	8	5	8	5	4	2	4	3	4	0	1	7	0	3	2	0	0	2
AOA_441	3	3	4	2	4	1	2	2	0	0	2	3	2	1	1	12	12	5	5	9	10	6	7	10	6	8	8	0	0	0	1	5	1	0	0	0
AOA_442	4	0	3	1	0	1	2	2	2	1	2	7	3	2	0	3	1	5	1	1	3	6	3	2	3	7	3	1	1	1	0	4	2	1	1	1
AOA_443	5	3	3	0	3	1	2	1	3	1	1	2	1	1	0	0	5	2	0	0	0	0	1	0	3	1	0	0	0	0	0	0	3	0	2	1
AOA_444	2	1	1	0	0	0	0	1	0	0	0	0	0	0	0	0	0	0	0	0	0	0	3	0	2	2	0	3	0	0	0	0	0	1	0	0
AOA_445	1	0	0	3	0	3	0	0	0	3	0	0	0	0	2	0	1	1	4	0	0	0	1	0	0	5	0	0	0	0	0	1	0	1	0	0
AOA_446	0	0	0	0	0	0	0	0	0	0	0	0	0	0	0	0	0	0	0	0	0	0	0	0	0	0	0	0	0	0	1	0	0	0	0	0
AOA_447	0	0	0	0	0	0	0	0	0	0	0	0	0	0	0	0	0	0	0	0	0	0	0	0	0	1	0	0	0	1	0	0	0	0	0	0
AOA_448	0	0	0	0	0	0	0	0	0	0	0	0	0	0	0	0	0	0	0	0	0	0	0	0	0	0	0	1	0	0	0	0	0	0	0	0
AOA_449	0	0	1	1	2	1	1	0	0	1	0	4	1	4	2	1	6	5	6	4	6	3	6	6	7	6	5	2	1	9	0	7	1	0	6	0
AOA_450	0	0	0	0	0	0	0	0	0	0	0	1	0	0	0	0	1	0	0	0	0	0	0	0	0	0	0	0	0	1	0	0	1	0	0	0
AOA_451	0	0	0	0	0	0	0	0	0	0	0	0	0	1	0	0	0	1	0	1	0	0	0	0	1	1	0	3	1	2	1	1	0	1	1	2
AOA_452	0	0	0	0	0	0	0	0	0	0	0	0	0	0	0	0	0	0	0	0	0	1	0	0	0	0	0	0	0	0	0	0	0	0	0	0
AOA_453	0	0	0	1	0	0	1	1	0	0	1	0	0	0	0	0	6	2	7	3	3	1	3	0	0	0	1	0	0	2	0	0	0	0	0	0
AOA_454	0	0	0	0	0	0	0	0	0	0	0	1	0	0	0	0	0	0	0	0	0	0	1	1	0	1	0	1	0	0	0	0	0	0	0	0
AOA_455	9	6	13	3	4	3	3	3	1	3	0	2	0	0	0	8	9	1	0	6	0	4	5	2	2	9	0	0	0	0	1	0	1	0	0	0
AOA_456	0	0	0	1	1	0	0	0	0	0	0	3	0	0	0	0	0	0	0	0	0	2	1	0	1	0	0	0	0	0	1	0	0	0	0	0
AOA_457	0	0	0	0	0	0	0	0	0	0	0	0	0	0	0	0	0	0	0	0	0	1	1	0	0	0	0	1	0	0	0	0	0	0	0	0
AOA_458	0	0	0	0	0	0	0	0	0	0	0	0	0	0	0	0	0	0	1	0	0	0	0	0	0	0	0	1	0	0	0	0	0	0	0	0
AOA_459	0	0	0	0	0	1	1	0	0	0	0	0	0	0	0	0	0	0	1	0	0	0	1	0	0	2	1	0	0	3	1	0	2	0	0	5
AOA_460	1	12	11	2	4	7	8	12	2	4	0	8	0	3	1	3	8	1	2	3	0	6	3	2	4	15	7	3	0	3	4	6	2	4	1	4
AOA_461	0	0	0	2	1	0	1	0	0	0	0	0	0	0	0	0	0	0	1	1	1	0	0	0	1	1	2	1	1	0	0	5	4	4	0	2
AOA_462	0	0	0	1	0	0	5	0	4	15	0	0	0	6	3	1	0	0	4	10	0	0	5	2	1	2	0	2	1	1	5	12	2	0	4	1
AOA_463	0	0	0	0	0	0	0	1	0	0	0	2	0	0	0	0	0	0	0	0	0	0	0	0	0	0	0	0	0	0	0	1	0	0	1	0
AOA_464	1	3	2	2	14	1	2	3	0	2	1	6	0	1	1	9	2	5	10	2	1	1	6	4	5	7	2	0	0	0	6	0	0	0	0	0
AOA_465	0	0	0	0	0	0	0	0	0	0	0	0	0	0	0	0	0	0	0	0	0	0	0	0	0	0	0	0	0	0	0	0	0	0	0	0
AOA_466	0	0	0	0	0	0	0	0	0	0	0	0	0	0	0	0	0	0	0	0	0	0	0	1	0	0	0	0	0	0	0	0	0	0	0	0
AOA_467	0	0	0	0	0	0	0	0	1	0	0	0	1	0	0	0	0	0	0	0	0	0	0	0	0	2	0	0	0	1	0	0	0	1	0	2
AOA_468	0	0	0	0	0	1	0	0	0	0	0	0	0	0	0	0	0	0	0	0	0	0	0	0	0	0	0	0	0	0	0	0	0	0	0	0
AOA_469	0	2	3	1	2	3	2	3	0	2	3	1	0	1	2	3	2	2	6	1	0	6	2	2	1	3	0	0	0	0	0	0	0	1	0	1
AOA_470	15	8	11	3	7	4	19	8	3	3	3	14	6	9	7	10	19	4	9	7	6	8	15	12	8	8	6	2	2	4	6	8	4	3	2	0
AOA_471	0	1	0	0	0	1	1	2	0	1	0	0	0	0	0	1	0	0	0	0	0	0	0	3	1	0	5	0	0	0	0	0	0	0	0	2
AOA_472	15	10	13	3	15	5	8	5	2	0	2	9	6	13	4	3	8	4	4	1	1	2	6	7	4	1	6	4	0	2	2	3	0	2	0	0
AOA_473	0	0	0	0	0	0	0	0	0	2	0	0	0	0	0	0	0	0	0	0	0	0	0	0	0	0	0	0	0	0	0	0	0	0	0	0
AOA_474	0	0	0	0	0	0	0	0	0	0	0	0	0	0	0	0	0	0	0	0	0	0	0	0	0	0	0	0	0	0	0	0	0	0	0	0
AOA_475	8	10	3	1	7	3	2	0	0	2	6	3	3	0	4	0	7	3	4	1	4	5	3	1	2	3	0	5	0	0	0	1	0	2	1	4
AOA_476	0	0	0	0	0	0	0	0	0	0	0	0	0	0	0	0	0	0	0	0	0	0	0	0	0	0	0	0	0	0	0	0	0	0	0	0
AOA_477	6	0	0	0	1	4	1	2	0	0	1	1	0	3	0	0	0	1	3	0	1	0	2	2	5	1	1	4	0	0	8	8	4	0	0	4
AOA_478	0	0	0	0	0	0	1	1	0	4	0	0	1	0	1	0	0	0	0	0	4	2	0	0	0	0	0	4	1	2	0	2	0	1	0	0
AOA_479	222	166	173	117	211	153	296	166	64	380	154	350	196	368	230	132	258	103	221	126	103	224	235	126	200	188	150	242	96	150	107	158	149	306	126	270
AOA_480	0	0	0	0	0	0	0	0	0	0	0	0	0	0	1	0	2	0	0	0	0	0	0	0	0	0	0	0	0	0	0	0	0	0	0	0
AOA_481	0	0	0	0	6	0	3	3	2	4	3	10	1	5	4	1	4	1	5	4	3	3	2	0	3	2	2	2	0	2	0	3	0	0	0	1
AOA_482	77	60	77	10	36	34	39	32	18	26	19	52	30	44	20	33	48	14	36	19	10	20	35	58	32	54	29	24	4	34	24	32	20	24	11	16
AOA_483	190	180	164	41	151	96	104	96	72	98	75	180	73	100	69	83	131	71	131	97	56	106	106	112	109	147	74	76	33	99	87	93	59	78	45	82
AOA_484	33	40	32	18	50	17	25	13	8	19	9	23	15	33	20	12	25	14	29	10	10	17	24	41	19	31	14	74	35	92	18	47	13	161	75	137
AOA_485	19	18	21	13	25	20	24	20	8	17	10	35	25	40	25	7	24	6	33	11	22	17	30	24	31	41	30	12	12	30	13	29	9	12	9	9
AOA_486	3	2	1	1	0	0	2	1	3	0	0	2	1	1	2	4	4	3	4	6	5	6	4	45	3	17	4	13	13	17	2	18	9	15	17	23
AOA_487	209	188	229	102	215	148	212	140	65	188	148	265	113	239	167	121	197	103	205	112	106	141	210	168	171	232	157	108	64	141	136	133	103	140	64	97
AOA_488	1	2	5	1	1	0	1	0	1	0	0	0	0	0	0	0	0	1	0	0	0	0	1	0	2	2	0	0	0	2	1	1	1	0	1	0
AOA_489	0	0	0	0	0	0	0	0	0	0	0	0	0	0	0	0	0	0	0	0	1	0	0	0	0	0	0	0	0	0	0	0	0	0	0	0
AOA_490	2	0	4	2	8	5	5	2	5	7	1	5	1	1	1	2	0	0	1	4	1	1	6	2	0	5	2	0	0	0	6	7	2	4	0	4
AOA_491	0	0	0	0	0	0	0	0	0	0	0	0	0	0	0	0	2	2	1	0	0	1	1	0	0	1	0	0	0	0	0	0	0	0	0	0
AOA_492	4	7	1	1	1	1	0	1	0	1	2	1	1	4	6	1	1	0	0	2	1	1	0	2	0	0	2	5	4	2	1	0	8	1	3	0
AOA_493	24	32	22	7	14	23	11	6	2	5	9	12	8	8	10	12	11	10	10	8	7	11	8	7	11	13	9	7	1	7	11	2	7	0	3	3
AOA_494	0	0	0	0	0	0	0	0	0	0	0	0	0	0	0	0	0	0	1	0	0	0	0	0	0	0	0	0	0	0	0	4	0	0	0	0
AOA_495	4	12	8	4	6	10	9	1	2	4	4	4	3	3	1	12	5	4	7	5	1	7	7	5	6	13	3	1	3	2	7	2	2	2	1	1
AOA_496	0	0	0	0	0	0	0	0	0	0	0	0	0	0	0	0	0	0	0	0	0	0	0	0	0	0	0	0	0	0	0	0	0	0	0	0
AOA_497	11	5	7	10	15	10	15	12	4	12	13	44	6	11	11	19	19	13	16	10	11	8	12	13	13	13	7	5	4	2	15	6	9	5	0	1
AOA_498	0	0	0	0	0	0	0	0	0	0	0	0	0	0	0	0	0	0	0	0	0	0	0	0	0	0	0	0	0	0	1	0	0	1	0	0
AOA_499	0	0	0	0	0	0	0	0	0	0	0	0	0	0	0	0	0	0	0	0	0	0	0	0	1	0	0	0	0	0	0	0	0	0	0	0
AOA_500	3	2	3	2	2	4	3	3	1	6	2	3	0	2	2	3	4	1	5	5	3	1	7	1	0	7	4	2	0	0	5	4	1	1	0	0
AOA_501	0	0	0	0	0	0	0	0	0	0	2	0	0	0	0	0	0	0	0	0	0	0	0	0	0	0	0	0	0	0	0	0	0	0	2	0
AOA_502	0	0	0	0	0	0	0	0	0	0	0	0	0	0	0	0	0	0	0	0	0	0	0	0	0	0	1	0	0	0	0	0	0	0	0	0
AOA_503	0	0	0	0	0	0	2	1	0	0	0	0	0	0	0	0	0	0	0	0	0	0	1	0	1	0	0	0	0	1	0	0	0	0	0	0
AOA_504	0	0	1	0	0	0	0	0	0	0	0	0	0	0	0	0	0	0	0	0	0	1	0	0	0	0	0	0	0	0	0	0	0	0	0	0
AOA_505	19	6	11	0	11	5	8	6	1	5	6	13	13	6	10	1	2	2	0	1	0	5	3	7	4	3	3	3	0	0	4	0	2	1	1	0
AOA_506	0	0	0	0	0	0	0	0	0	0	0	0	0	0	0	0	0	0	0	0	0	0	0	0	0	0	0	0	0	1	0	0	0	0	0	0
AOA_507	1	0	0	1	1	0	3	3	1	1	2	2	1	2	3	3	0	3	2	2	2	2	5	1	4	5	3	0	0	0	2	1	1	5	2	4
AOA_508	0	0	1	3	0	1	3	3	0	3	0	1	1	0	0	0	0	3	0	0	0	0	2	0	0	2	0	8	0	6	2	4	2	4	7	2
AOA_509	0	0	0	0	0	0	0	0	0	0	0	0	1	0	0	0	0	0	0	0	0	0	0	0	0	0	0	0	0	0	0	0	0	0	0	0
AOA_510	0	0	0	0	0	0	0	0	0	1	0	0	0	0	0	0	0	0	0	0	0	0	0	0	0	0	0	0	0	0	0	0	0	0	0	0
AOA_511	0	1	0	0	0	0	0	0	0	0	0	0	0	0	0	0	0	1	0	0	0	0	0	1	0	0	0	0	0	0	0	0	2	0	0	0
AOA_512	0	0	1	0	0	0	0	0	2	0	0	0	0	0	1	0	0	0	0	0	0	0	0	0	0	0	0	0	0	1	0	0	0	2	0	0
AOA_513	0	0	0	0	0	0	0	3	0	0	1	0	0	0	0	0	1	0	6	0	0	4	1	1	1	1	3	0	0	0	0	1	0	0	0	0
AOA_514	0	0	0	0	0	0	0	0	0	1	0	0	0	0	0	0	2	0	0	0	0	0	0	0	0	0	0	0	0	0	0	0	0	0	0	0
AOA_515	0	0	0	0	0	0	0	0	0	0	0	0	0	0	0	0	2	0	1	0	1	0	0	0	0	0	0	1	0	1	0	1	3	0	1	0
AOA_516	0	0	0	0	1	0	0	0	0	6	0	2	1	2	1	0	0	0	1	0	0	0	0	0	0	0	0	0	0	2	0	0	0	0	2	0
AOA_517	0	0	0	0	1	0	0	0	0	0	0	0	0	0	0	0	1	0	1	0	0	0	0	0	0	0	0	0	0	0	0	0	0	0	0	0
AOA_518	0	1	0	1	1	2	0	1	0	3	0	1	1	1	0	0	2	0	2	0	1	3	4	4	2	3	1	3	4	4	0	0	0	0	4	1
AOA_519	1	0	0	1	0	0	0	1	0	1	0	1	1	0	0	0	0	1	1	1	1	0	0	0	0	2	0	4	3	3	0	2	2	7	2	15
AOA_520	0	0	0	2	2	0	6	3	1	5	0	1	5	1	3	0	0	0	2	1	0	0	0	0	0	0	1	0	0	0	0	0	0	0	0	1
AOA_521	7	5	5	2	1	1	0	0	1	1	0	1	1	1	1	0	0	0	1	0	0	0	0	0	1	0	3	0	0	0	3	1	2	0	0	0
AOA_522	0	0	0	0	0	0	2	0	0	0	0	0	0	0	0	0	0	0	0	0	0	0	0	0	0	1	0	0	0	0	0	0	0	0	0	1
AOA_523	0	0	0	0	2	0	0	0	1	1	0	0	0	0	0	0	0	0	0	0	0	0	0	1	1	1	0	0	0	3	0	0	0	0	0	2
AOA_524	0	1	0	0	4	0	4	0	0	3	6	6	7	12	2	0	5	0	2	5	0	1	2	3	0	2	0	0	0	0	0	0	1	1	0	0
AOA_525	0	0	0	0	0	0	0	0	0	0	1	0	0	0	0	0	1	0	0	0	0	0	0	0	0	0	0	0	0	0	0	0	0	0	1	1
AOA_526	0	1	0	0	0	0	0	0	1	0	0	0	0	0	0	0	0	0	0	0	0	0	0	0	0	0	0	1	0	0	0	0	0	0	0	0
AOA_527	5	0	2	1	0	0	0	0	0	1	0	0	1	0	0	1	0	0	3	1	0	3	2	3	0	1	1	0	0	0	2	0	0	0	2	2
AOA_528	0	0	0	0	0	0	0	0	0	0	0	0	0	0	0	0	0	0	0	0	0	0	0	0	0	0	1	0	0	1	0	0	0	0	0	0
AOA_529	0	0	0	0	0	0	0	0	0	0	0	0	3	0	2	0	2	0	0	2	0	0	0	0	0	0	1	0	0	0	1	0	0	0	0	0
AOA_530	2	0	2	0	1	6	0	1	4	2	4	5	1	0	4	3	2	3	2	4	3	0	4	3	2	0	1	3	0	0	1	2	2	2	0	3
AOA_531	1	2	5	2	1	3	2	0	4	2	1	11	5	4	1	2	2	1	4	2	5	1	2	2	3	6	3	1	0	1	1	3	1	1	0	0
AOA_532	0	0	0	0	0	0	0	0	0	0	0	0	0	0	0	0	0	0	0	0	0	0	0	0	0	0	0	0	0	0	0	0	0	0	0	0
AOA_533	1	1	0	0	0	1	0	2	0	0	1	1	0	0	0	0	0	0	0	0	0	0	0	0	0	0	2	0	0	0	0	0	0	3	0	0
AOA_534	22	20	17	5	16	18	22	7	8	15	4	13	4	13	7	9	10	2	5	4	6	4	8	4	11	15	11	3	6	2	13	5	6	6	5	2
AOA_535	3	3	3	4	3	2	5	3	0	1	0	4	0	2	1	1	2	0	1	0	4	3	2	3	1	6	6	0	0	0	0	0	0	1	0	0
AOA_536	0	0	0	0	0	0	0	0	0	0	1	0	0	0	0	0	0	0	0	1	0	0	0	0	0	0	0	0	0	0	0	0	0	0	0	0
AOA_537	0	0	0	0	0	0	0	0	0	0	0	0	0	0	0	0	0	0	0	2	0	1	1	0	1	0	1	0	0	0	1	2	1	0	0	0
AOA_538	0	0	0	0	0	0	0	0	0	0	0	0	0	0	0	0	0	0	0	0	0	0	0	0	0	0	0	1	0	1	0	0	0	0	0	0
AOA_539	1	0	0	0	0	0	0	0	0	0	0	0	0	0	1	0	2	0	1	0	1	1	1	0	0	1	0	0	0	0	0	0	0	0	1	0
AOA_540	0	2	0	0	4	0	0	0	2	0	0	1	0	1	0	0	3	2	3	2	1	2	0	5	0	1	1	1	0	0	0	1	3	1	0	0
